target,prediction
1,0.5157961443814388
1,0.5137827127496959
1,0.5157961443814388
1,0.5137827127496959
0,0.5157961443814388
0,0.5112555900135051
0,0.5137827127496959
1,0.5137827127496959
1,0.5127980599330096
1,0.5127980599330096
1,0.5127980599330096
1,0.5137827127496959
1,0.5157961443814388
1,0.5112555900135051
0,0.5157961443814388
1,0.5157961443814388
1,0.5157961443814388
0,0.5157961443814388
1,0.5137827127496959
0,0.5127980599330096
1,0.5127980599330096
0,0.5112555900135051
0,0.5157961443814388
0,0.5127980599330096
0,0.5137827127496959
1,0.5127980599330096
0,0.5112555900135051
1,0.5112555900135051
1,0.5112555900135051
0,0.5112555900135051
0,0.5127980599330096
1,0.5127980599330096
1,0.5058637420033414
1,0.5058637420033414
0,0.5127980599330096
0,0.5058637420033414
0,0.5112555900135051
0,0.5112555900135051
1,0.5058637420033414
0,0.5112555900135051
0,0.5127980599330096
0,0.5112555900135051
0,0.5112555900135051
1,0.5137827127496959
0,0.5058637420033414
1,0.5137827127496959
1,0.5157961443814388
1,0.5127980599330096
1,0.5157961443814388
0,0.5112555900135051
1,0.5112555900135051
0,0.5058637420033414
0,0.5058637420033414
0,0.5127980599330096
0,0.5157961443814388
1,0.5058637420033414
0,0.5112555900135051
0,0.5112555900135051
1,0.5127980599330096
1,0.5157961443814388
0,0.5137827127496959
1,0.5112555900135051
0,0.5157961443814388
1,0.5112555900135051
1,0.5137827127496959
1,0.5157961443814388
0,0.5157961443814388
1,0.5127980599330096
1,0.5137827127496959
1,0.5137827127496959
1,0.5137827127496959
0,0.5112555900135051
0,0.5112555900135051
1,0.5058637420033414
0,0.5157961443814388
1,0.5058637420033414
0,0.5137827127496959
1,0.5058637420033414
1,0.5112555900135051
1,0.5137827127496959
0,0.5137827127496959
0,0.5157961443814388
1,0.5127980599330096
1,0.5157961443814388
0,0.5112555900135051
1,0.5137827127496959
0,0.5157961443814388
0,0.5058637420033414
0,0.5137827127496959
0,0.5157961443814388
1,0.5112555900135051
0,0.5112555900135051
0,0.5127980599330096
0,0.5127980599330096
0,0.5137827127496959
0,0.5137827127496959
1,0.5058637420033414
1,0.5137827127496959
0,0.5112555900135051
1,0.5112555900135051
0,0.5112555900135051
1,0.5112555900135051
0,0.5112555900135051
1,0.5058637420033414
0,0.5112555900135051
1,0.5058637420033414
0,0.5112555900135051
1,0.5058637420033414
0,0.5058637420033414
1,0.5058637420033414
0,0.5127980599330096
0,0.5137827127496959
0,0.5137827127496959
1,0.5112555900135051
1,0.5157961443814388
1,0.5157961443814388
1,0.5137827127496959
0,0.5127980599330096
0,0.5058637420033414
0,0.5157961443814388
0,0.5137827127496959
0,0.5137827127496959
1,0.5112555900135051
0,0.5058637420033414
0,0.5058637420033414
1,0.5112555900135051
0,0.5157961443814388
1,0.5058637420033414
1,0.5058637420033414
1,0.5157961443814388
1,0.5127980599330096
1,0.5137827127496959
0,0.5112555900135051
0,0.5127980599330096
0,0.5058637420033414
1,0.5058637420033414
1,0.5058637420033414
1,0.5058637420033414
1,0.5112555900135051
1,0.5157961443814388
1,0.5127980599330096
1,0.5112555900135051
0,0.5127980599330096
0,0.5137827127496959
1,0.5137827127496959
0,0.5112555900135051
1,0.5058637420033414
0,0.5112555900135051
1,0.5058637420033414
0,0.5058637420033414
0,0.5112555900135051
1,0.5137827127496959
1,0.5157961443814388
0,0.5112555900135051
0,0.5127980599330096
1,0.5127980599330096
0,0.5112555900135051
0,0.5157961443814388
0,0.5058637420033414
1,0.5127980599330096
0,0.5127980599330096
1,0.5137827127496959
0,0.5157961443814388
0,0.5112555900135051
0,0.5127980599330096
0,0.5058637420033414
1,0.5127980599330096
1,0.5137827127496959
1,0.5127980599330096
0,0.5137827127496959
1,0.5157961443814388
1,0.5137827127496959
0,0.5058637420033414
1,0.5058637420033414
1,0.5137827127496959
1,0.5112555900135051
0,0.5112555900135051
0,0.5127980599330096
0,0.5127980599330096
0,0.5137827127496959
0,0.5058637420033414
1,0.5058637420033414
0,0.5127980599330096
0,0.5127980599330096
1,0.5058637420033414
0,0.5127980599330096
1,0.5058637420033414
0,0.5127980599330096
1,0.5112555900135051
0,0.5157961443814388
0,0.5058637420033414
0,0.5112555900135051
1,0.5112555900135051
0,0.5137827127496959
0,0.5127980599330096
1,0.5058637420033414
0,0.5112555900135051
0,0.5058637420033414
0,0.5137827127496959
1,0.5112555900135051
0,0.5127980599330096
0,0.5058637420033414
0,0.5157961443814388
1,0.5137827127496959
0,0.5112555900135051
0,0.5157961443814388
0,0.5058637420033414
0,0.5157961443814388
1,0.5112555900135051
0,0.5137827127496959
1,0.5137827127496959
0,0.5157961443814388
0,0.5137827127496959
0,0.5157961443814388
0,0.5157961443814388
0,0.5058637420033414
1,0.5157961443814388
0,0.5157961443814388
1,0.5058637420033414
1,0.5112555900135051
0,0.5127980599330096
0,0.5137827127496959
0,0.5127980599330096
1,0.500380082193014
1,0.5127980599330096
1,0.5112555900135051
1,0.5137827127496959
0,0.5112555900135051
0,0.5137827127496959
0,0.5127980599330096
1,0.5127980599330096
1,0.5127980599330096
1,0.5058637420033414
0,0.5127980599330096
1,0.5112555900135051
1,0.5058637420033414
0,0.5112555900135051
1,0.5127980599330096
1,0.5058637420033414
0,0.5058637420033414
1,0.5112555900135051
0,0.5112555900135051
0,0.5112555900135051
1,0.5137827127496959
1,0.5127980599330096
0,0.5058637420033414
1,0.5127980599330096
0,0.5157961443814388
1,0.5058637420033414
1,0.5157961443814388
1,0.5137827127496959
1,0.5157961443814388
0,0.5112555900135051
0,0.5127980599330096
0,0.5112555900135051
0,0.5127980599330096
0,0.5127980599330096
1,0.5157961443814388
0,0.5127980599330096
0,0.5112555900135051
1,0.5112555900135051
1,0.5157961443814388
1,0.5112555900135051
0,0.5112555900135051
0,0.5137827127496959
0,0.5137827127496959
0,0.5157961443814388
0,0.49352943754997275
0,0.5157961443814388
1,0.5157961443814388
1,0.5127980599330096
1,0.5137827127496959
0,0.5137827127496959
0,0.5112555900135051
0,0.5111970006948798
0,0.5137827127496959
1,0.5058637420033414
1,0.5157961443814388
1,0.5157961443814388
0,0.5137827127496959
1,0.4965496453007473
1,0.5137827127496959
1,0.5137827127496959
0,0.5112555900135051
0,0.5127980599330096
1,0.5157961443814388
1,0.5112555900135051
1,0.5112555900135051
0,0.5137827127496959
1,0.5127980599330096
1,0.5112555900135051
0,0.5137827127496959
1,0.5157961443814388
1,0.5112555900135051
0,0.5112555900135051
0,0.5058637420033414
1,0.5058637420033414
0,0.5127980599330096
1,0.5127980599330096
1,0.5112555900135051
1,0.5112555900135051
0,0.5127980599330096
0,0.5058637420033414
0,0.5137827127496959
0,0.5137827127496959
1,0.5112555900135051
1,0.5137827127496959
0,0.5137827127496959
0,0.5058637420033414
1,0.5127980599330096
0,0.5137827127496959
1,0.5112555900135051
1,0.5157961443814388
0,0.5157961443814388
0,0.5112555900135051
1,0.5127980599330096
0,0.5137827127496959
1,0.5127980599330096
1,0.5127980599330096
1,0.5157961443814388
0,0.5127980599330096
0,0.5058637420033414
0,0.5157961443814388
1,0.5137827127496959
0,0.5157961443814388
0,0.5112555900135051
1,0.5058637420033414
0,0.5157961443814388
0,0.5157961443814388
0,0.5127980599330096
1,0.5157961443814388
1,0.5137827127496959
0,0.5058637420033414
1,0.5112555900135051
0,0.5137827127496959
0,0.5127980599330096
0,0.5157961443814388
1,0.5058637420033414
0,0.5127980599330096
0,0.5137827127496959
1,0.5127980599330096
0,0.5157961443814388
1,0.5137827127496959
1,0.5127980599330096
1,0.5112555900135051
1,0.5058637420033414
0,0.5137827127496959
1,0.5127980599330096
1,0.5127980599330096
1,0.5112555900135051
1,0.5137827127496959
0,0.5054828763207427
0,0.5127980599330096
1,0.5127980599330096
0,0.5127980599330096
0,0.5127980599330096
1,0.5157961443814388
1,0.5157961443814388
0,0.5137827127496959
0,0.5058637420033414
1,0.5058637420033414
1,0.5112555900135051
1,0.5058637420033414
0,0.5157961443814388
0,0.5157961443814388
0,0.5058637420033414
0,0.5157961443814388
0,0.5127980599330096
1,0.5112555900135051
0,0.5058637420033414
0,0.5137827127496959
1,0.5127980599330096
1,0.5127980599330096
0,0.5157961443814388
1,0.5058637420033414
0,0.5127980599330096
0,0.5112555900135051
0,0.5157961443814388
0,0.5157961443814388
1,0.5157961443814388
1,0.5058637420033414
1,0.5157961443814388
0,0.5127980599330096
1,0.5112555900135051
0,0.5058637420033414
0,0.5058637420033414
0,0.5157961443814388
0,0.5127980599330096
0,0.5137827127496959
0,0.5058637420033414
0,0.5112555900135051
1,0.5127980599330096
1,0.5127980599330096
1,0.5157961443814388
0,0.5127980599330096
1,0.5112555900135051
1,0.5137827127496959
1,0.5157961443814388
1,0.5112555900135051
1,0.5157961443814388
0,0.5137827127496959
0,0.5112555900135051
0,0.5112555900135051
0,0.5112555900135051
0,0.5137827127496959
0,0.5137827127496959
1,0.5127980599330096
1,0.5127980599330096
0,0.5112555900135051
0,0.5157961443814388
1,0.5112555900135051
0,0.5058637420033414
1,0.5127980599330096
0,0.5112555900135051
0,0.5127980599330096
0,0.5112555900135051
1,0.5127980599330096
0,0.5112555900135051
0,0.5157961443814388
1,0.5157961443814388
1,0.5137827127496959
1,0.5127980599330096
1,0.5157961443814388
0,0.5058637420033414
0,0.5112555900135051
1,0.5058637420033414
0,0.5127980599330096
1,0.5137827127496959
1,0.5112555900135051
1,0.5137827127496959
0,0.5127980599330096
0,0.5157961443814388
1,0.5058637420033414
0,0.5058637420033414
1,0.5157961443814388
0,0.5157961443814388
0,0.5157961443814388
0,0.5058637420033414
1,0.5157961443814388
1,0.5127980599330096
0,0.5112555900135051
0,0.5058637420033414
0,0.5058637420033414
1,0.5157961443814388
0,0.5137827127496959
1,0.5157961443814388
0,0.5127980599330096
0,0.5112555900135051
1,0.5058637420033414
0,0.5127980599330096
1,0.5058637420033414
0,0.5058637420033414
0,0.5058637420033414
0,0.4938962244231333
1,0.5157961443814388
0,0.5112555900135051
0,0.5157961443814388
0,0.5157961443814388
1,0.5137827127496959
1,0.498424413780656
1,0.5137827127496959
1,0.5058637420033414
1,0.5137827127496959
1,0.5157961443814388
1,0.5137827127496959
0,0.5112555900135051
1,0.5112555900135051
1,0.5112555900135051
1,0.5137827127496959
1,0.5058637420033414
1,0.5127980599330096
0,0.5058637420033414
1,0.5127980599330096
1,0.5137827127496959
1,0.5137827127496959
1,0.5058637420033414
1,0.5127980599330096
1,0.5058637420033414
0,0.5112555900135051
0,0.5058637420033414
0,0.5157961443814388
0,0.5058637420033414
1,0.5157961443814388
0,0.5112555900135051
1,0.5058637420033414
1,0.5137827127496959
0,0.5157961443814388
1,0.5127980599330096
1,0.5157961443814388
1,0.5157961443814388
1,0.5058637420033414
0,0.5058637420033414
1,0.5137827127496959
0,0.5157961443814388
1,0.5112555900135051
0,0.5137827127496959
0,0.5157961443814388
1,0.5137827127496959
1,0.5157961443814388
0,0.5058637420033414
0,0.5127980599330096
1,0.5112555900135051
0,0.5112555900135051
1,0.5137827127496959
1,0.5157961443814388
1,0.5137827127496959
1,0.5157961443814388
0,0.5112555900135051
0,0.5058637420033414
1,0.5157961443814388
1,0.5112555900135051
0,0.5058637420033414
1,0.5137827127496959
1,0.5127980599330096
1,0.5157961443814388
1,0.5058637420033414
0,0.5127980599330096
1,0.5157961443814388
0,0.5157961443814388
1,0.5157961443814388
1,0.5127980599330096
1,0.5157961443814388
0,0.5112555900135051
1,0.5058637420033414
1,0.5112555900135051
0,0.5157961443814388
0,0.5058637420033414
1,0.5137827127496959
0,0.5157961443814388
1,0.5112555900135051
0,0.5127980599330096
0,0.5137827127496959
1,0.5137827127496959
0,0.5127980599330096
1,0.5127980599330096
0,0.5112555900135051
0,0.5157961443814388
0,0.5137827127496959
1,0.5058637420033414
0,0.5137827127496959
1,0.5157961443814388
0,0.5112555900135051
1,0.5112555900135051
1,0.5127980599330096
0,0.5112555900135051
0,0.5058637420033414
1,0.5112555900135051
0,0.5157961443814388
0,0.5112555900135051
1,0.5112555900135051
1,0.5157961443814388
0,0.5137827127496959
1,0.5127980599330096
0,0.5157961443814388
0,0.5058637420033414
0,0.5137827127496959
1,0.5157961443814388
0,0.5112555900135051
0,0.5137827127496959
1,0.5112555900135051
0,0.5157961443814388
0,0.5157961443814388
0,0.5127980599330096
1,0.5112555900135051
1,0.5137827127496959
0,0.5058637420033414
1,0.5127980599330096
0,0.5137827127496959
1,0.5112555900135051
1,0.5127980599330096
0,0.5137827127496959
0,0.5157961443814388
0,0.5127980599330096
1,0.5137827127496959
0,0.5157961443814388
1,0.5137827127496959
0,0.5127980599330096
1,0.5127980599330096
0,0.5058637420033414
0,0.5127980599330096
0,0.5127980599330096
1,0.5137827127496959
1,0.5112555900135051
1,0.5058637420033414
0,0.5058637420033414
0,0.5058637420033414
1,0.5058637420033414
0,0.5112555900135051
1,0.5157961443814388
0,0.5127980599330096
1,0.5112555900135051
0,0.5112555900135051
1,0.5058637420033414
0,0.5127980599330096
1,0.5127980599330096
0,0.5137827127496959
0,0.5058637420033414
1,0.5137827127496959
0,0.5112555900135051
0,0.5137827127496959
0,0.5127980599330096
1,0.5058637420033414
0,0.5058637420033414
1,0.5127980599330096
1,0.5157961443814388
1,0.5127980599330096
0,0.5112555900135051
0,0.5127980599330096
0,0.5058637420033414
1,0.5127980599330096
1,0.5112555900135051
0,0.5127980599330096
0,0.5127980599330096
1,0.5137827127496959
1,0.5137827127496959
0,0.5137827127496959
1,0.5058637420033414
1,0.5137827127496959
0,0.5112555900135051
0,0.5127980599330096
1,0.5157961443814388
1,0.5127980599330096
0,0.5058637420033414
0,0.5127980599330096
0,0.5058637420033414
1,0.5127980599330096
0,0.5137827127496959
0,0.5127980599330096
1,0.5137827127496959
1,0.5032371741198147
1,0.5058637420033414
1,0.5157961443814388
1,0.5157961443814388
0,0.5127980599330096
1,0.5058637420033414
0,0.5157961443814388
1,0.5112555900135051
1,0.5157961443814388
1,0.5157961443814388
0,0.5157961443814388
0,0.5157961443814388
0,0.5157961443814388
1,0.5157961443814388
0,0.5112555900135051
1,0.5112555900135051
1,0.5112555900135051
0,0.5157961443814388
0,0.5112555900135051
0,0.5058637420033414
1,0.5157961443814388
1,0.5112555900135051
0,0.5127980599330096
1,0.5058637420033414
0,0.5157961443814388
1,0.5157961443814388
0,0.5127980599330096
0,0.499606117064229
0,0.5127980599330096
1,0.4933176184005336
0,0.5112555900135051
0,0.5112555900135051
0,0.5127980599330096
0,0.5112555900135051
1,0.5127980599330096
0,0.5157961443814388
1,0.5058637420033414
1,0.5127980599330096
0,0.5058637420033414
0,0.5058637420033414
0,0.5137827127496959
0,0.5112555900135051
0,0.5127980599330096
1,0.5058637420033414
1,0.5137827127496959
1,0.5137827127496959
0,0.5157961443814388
1,0.5127980599330096
0,0.5102913060481725
1,0.5127980599330096
1,0.5157961443814388
1,0.5127980599330096
1,0.5137827127496959
0,0.5137827127496959
1,0.5127980599330096
1,0.5137827127496959
0,0.5157961443814388
0,0.5058637420033414
0,0.5157961443814388
0,0.5157961443814388
1,0.5058637420033414
0,0.5112555900135051
0,0.5112555900135051
1,0.5137827127496959
0,0.5112555900135051
1,0.5137827127496959
1,0.49835110639756786
1,0.5112555900135051
0,0.5000305974614746
0,0.5127980599330096
1,0.5157961443814388
0,0.5127980599330096
0,0.50869684220331
1,0.5137827127496959
0,0.5127980599330096
1,0.49652722307158303
0,0.5021179045760561
1,0.5127980599330096
1,0.5127980599330096
0,0.5157961443814388
0,0.5157961443814388
0,0.5058637420033414
1,0.5157961443814388
0,0.5157961443814388
0,0.5157961443814388
0,0.5127980599330096
1,0.5058637420033414
1,0.5137827127496959
0,0.5157961443814388
1,0.5137827127496959
1,0.5157961443814388
1,0.5112555900135051
1,0.5112555900135051
0,0.5137827127496959
1,0.48698258293534885
1,0.5058637420033414
0,0.5157961443814388
0,0.5157961443814388
1,0.4993194391224093
0,0.5127980599330096
1,0.5003506662651248
0,0.5112555900135051
1,0.5137827127496959
1,0.5127980599330096
1,0.5127980599330096
0,0.5045379213850979
1,0.5157961443814388
1,0.4972199333709099
1,0.5127980599330096
0,0.5112555900135051
0,0.5058637420033414
0,0.5112555900135051
1,0.5058637420033414
1,0.5157961443814388
1,0.5137827127496959
0,0.5127980599330096
0,0.5137827127496959
0,0.5112555900135051
1,0.5112555900135051
1,0.5127980599330096
1,0.5058637420033414
1,0.5127980599330096
0,0.5058637420033414
1,0.5112555900135051
0,0.5112555900135051
1,0.5058637420033414
0,0.5127980599330096
0,0.5137827127496959
0,0.5137827127496959
1,0.5137827127496959
0,0.5058637420033414
1,0.5137827127496959
1,0.5157961443814388
0,0.5058637420033414
0,0.5058637420033414
1,0.5137827127496959
0,0.5127980599330096
0,0.5058637420033414
0,0.5127980599330096
0,0.5137827127496959
1,0.5058637420033414
0,0.5157961443814388
0,0.5127980599330096
0,0.5137827127496959
0,0.5112555900135051
0,0.5157961443814388
1,0.5127980599330096
1,0.5112555900135051
1,0.5157961443814388
1,0.5127980599330096
0,0.5058637420033414
1,0.5127980599330096
1,0.5112555900135051
1,0.5058637420033414
1,0.5112555900135051
0,0.5058637420033414
0,0.5137827127496959
0,0.5137827127496959
0,0.5157961443814388
0,0.5127980599330096
1,0.5137827127496959
0,0.5058637420033414
0,0.5127980599330096
0,0.49232182226413085
1,0.49587997292476466
0,0.49617534348806086
0,0.5108842573354042
1,0.5112555900135051
0,0.5111358139313704
0,0.5112555900135051
1,0.5127980599330096
0,0.5157961443814388
1,0.5137827127496959
0,0.5112555900135051
0,0.5157961443814388
1,0.5137827127496959
1,0.5006559278669991
0,0.5137827127496959
0,0.5112555900135051
0,0.5058637420033414
1,0.5127980599330096
0,0.5157961443814388
1,0.5058637420033414
0,0.5157961443814388
0,0.5058637420033414
1,0.5137827127496959
0,0.5058637420033414
0,0.5058637420033414
1,0.5127980599330096
0,0.5157961443814388
1,0.5137827127496959
0,0.5058637420033414
0,0.5157961443814388
1,0.5058637420033414
1,0.5127980599330096
1,0.5157961443814388
1,0.5058637420033414
1,0.5112555900135051
1,0.5058637420033414
0,0.5137827127496959
1,0.5157961443814388
0,0.5112555900135051
1,0.5137827127496959
0,0.5112555900135051
0,0.5137827127496959
0,0.5112555900135051
0,0.5127980599330096
1,0.5058637420033414
1,0.5137827127496959
1,0.5058637420033414
0,0.5137827127496959
1,0.5127980599330096
1,0.5058637420033414
0,0.5058637420033414
1,0.5058637420033414
0,0.5157961443814388
1,0.5127980599330096
0,0.5127980599330096
1,0.5112555900135051
1,0.5127980599330096
0,0.5058637420033414
1,0.5157961443814388
0,0.5127980599330096
0,0.5157961443814388
0,0.5058637420033414
1,0.5127980599330096
1,0.5157961443814388
0,0.5157961443814388
1,0.5112555900135051
1,0.5137827127496959
0,0.5137827127496959
1,0.5157961443814388
0,0.5157961443814388
0,0.5127980599330096
1,0.5112555900135051
0,0.5157961443814388
0,0.5058637420033414
0,0.5058637420033414
1,0.5112555900135051
0,0.5137827127496959
0,0.5058637420033414
0,0.5058637420033414
0,0.5127980599330096
1,0.5058637420033414
1,0.5058637420033414
1,0.5112555900135051
0,0.5137827127496959
0,0.5112555900135051
1,0.5157961443814388
1,0.5157961443814388
1,0.5127980599330096
0,0.5137827127496959
0,0.5137827127496959
0,0.5127980599330096
1,0.44588748069964823
1,0.5112555900135051
1,0.5137827127496959
1,0.5157961443814388
0,0.5058637420033414
1,0.5112555900135051
1,0.5058637420033414
1,0.5036885879555577
0,0.5157961443814388
1,0.5137827127496959
0,0.5127980599330096
0,0.5137827127496959
0,0.5137827127496959
1,0.5157961443814388
0,0.5127980599330096
1,0.5112555900135051
1,0.5058637420033414
1,0.5112555900135051
0,0.5058637420033414
1,0.5137827127496959
1,0.5112555900135051
0,0.5058637420033414
0,0.5127980599330096
1,0.5157961443814388
1,0.5137827127496959
0,0.5137827127496959
1,0.5127980599330096
0,0.5157961443814388
1,0.5112555900135051
0,0.5137827127496959
1,0.5157961443814388
1,0.5137827127496959
0,0.5058637420033414
1,0.5157961443814388
0,0.5157961443814388
0,0.5127980599330096
0,0.5157961443814388
1,0.5157961443814388
0,0.5058637420033414
1,0.5112555900135051
0,0.5157961443814388
0,0.5157961443814388
1,0.5058637420033414
0,0.5058637420033414
1,0.5112555900135051
1,0.5157961443814388
0,0.5137827127496959
1,0.5058637420033414
0,0.5157961443814388
1,0.5137827127496959
1,0.5127980599330096
0,0.5058637420033414
0,0.5127980599330096
0,0.5157961443814388
1,0.5157961443814388
1,0.5112555900135051
0,0.5112555900135051
1,0.5058637420033414
1,0.5058637420033414
1,0.5157961443814388
1,0.5127980599330096
1,0.5127980599330096
0,0.5137827127496959
1,0.5157961443814388
0,0.5137827127496959
0,0.5127980599330096
1,0.5157961443814388
1,0.5137827127496959
1,0.5137827127496959
1,0.5157961443814388
0,0.5058637420033414
1,0.5127980599330096
1,0.5137827127496959
0,0.5137827127496959
1,0.5137827127496959
0,0.5157961443814388
0,0.5127980599330096
0,0.5058637420033414
1,0.5127980599330096
0,0.5137827127496959
1,0.5127980599330096
0,0.5058637420033414
1,0.5157961443814388
1,0.5157961443814388
0,0.5137827127496959
0,0.5058637420033414
1,0.5112555900135051
0,0.5127980599330096
0,0.5127980599330096
0,0.5127980599330096
1,0.5058637420033414
1,0.5157961443814388
0,0.5127980599330096
1,0.5127980599330096
0,0.5127980599330096
0,0.5127980599330096
1,0.5157961443814388
0,0.5112555900135051
1,0.5112555900135051
1,0.5137827127496959
0,0.5112555900135051
0,0.5058637420033414
1,0.5157961443814388
1,0.5127980599330096
0,0.5157961443814388
1,0.5058637420033414
1,0.5157961443814388
0,0.5112555900135051
0,0.5112555900135051
0,0.5137827127496959
1,0.5137827127496959
0,0.5157961443814388
0,0.5157961443814388
0,0.5127980599330096
0,0.5137827127496959
1,0.5157961443814388
0,0.5112555900135051
1,0.5137827127496959
1,0.5112555900135051
0,0.5112555900135051
1,0.5137827127496959
1,0.5157961443814388
1,0.5112555900135051
0,0.5137827127496959
1,0.5137827127496959
1,0.5112555900135051
0,0.5137827127496959
1,0.5157961443814388
1,0.5127980599330096
1,0.5112555900135051
1,0.5127980599330096
1,0.5112555900135051
1,0.5058637420033414
1,0.5157961443814388
0,0.5127980599330096
1,0.5112555900135051
0,0.5137827127496959
0,0.5112555900135051
0,0.5112555900135051
0,0.5157961443814388
1,0.5058637420033414
1,0.5112555900135051
1,0.5157961443814388
0,0.5157961443814388
1,0.5137827127496959
1,0.5058637420033414
1,0.5112555900135051
0,0.5112555900135051
0,0.5112555900135051
0,0.5127980599330096
0,0.5112555900135051
0,0.5157961443814388
1,0.5157961443814388
0,0.5058637420033414
1,0.5112555900135051
1,0.5137827127496959
1,0.5157961443814388
0,0.5157961443814388
1,0.5137827127496959
1,0.5127980599330096
0,0.5137827127496959
0,0.5112555900135051
1,0.5058637420033414
0,0.5058637420033414
0,0.5058637420033414
0,0.5137827127496959
0,0.5127980599330096
0,0.5157961443814388
1,0.5112555900135051
0,0.5112555900135051
1,0.5137827127496959
1,0.5112555900135051
0,0.5137827127496959
0,0.5112555900135051
1,0.5058637420033414
0,0.5058637420033414
0,0.5137827127496959
1,0.5137827127496959
1,0.5157961443814388
1,0.5127980599330096
0,0.5112555900135051
0,0.5112555900135051
1,0.5058637420033414
1,0.5127980599330096
0,0.5157961443814388
0,0.5058637420033414
0,0.5157961443814388
0,0.5058637420033414
0,0.5157961443814388
0,0.5058637420033414
0,0.5137827127496959
0,0.5058637420033414
1,0.5112555900135051
0,0.5137827127496959
1,0.5112555900135051
0,0.5058637420033414
0,0.5137827127496959
0,0.5157961443814388
0,0.5112555900135051
0,0.5112555900135051
1,0.5058637420033414
1,0.5112555900135051
0,0.5127980599330096
1,0.5137827127496959
0,0.5058637420033414
0,0.5112555900135051
1,0.5137827127496959
1,0.5157961443814388
1,0.5058637420033414
0,0.5112555900135051
0,0.5127980599330096
0,0.5058637420033414
1,0.5157961443814388
0,0.5112555900135051
1,0.5127980599330096
0,0.5112555900135051
0,0.5157961443814388
1,0.5137827127496959
0,0.5058637420033414
1,0.5112555900135051
1,0.5112555900135051
1,0.5058637420033414
0,0.5112555900135051
0,0.5137827127496959
0,0.5137827127496959
0,0.5058637420033414
0,0.5058637420033414
1,0.5112555900135051
0,0.5137827127496959
0,0.5058637420033414
0,0.5157961443814388
0,0.5127980599330096
1,0.5137827127496959
1,0.5112555900135051
0,0.5157961443814388
1,0.5137827127496959
0,0.5127980599330096
0,0.5112555900135051
1,0.5137827127496959
0,0.5127980599330096
1,0.5157961443814388
1,0.5157961443814388
0,0.5157961443814388
1,0.5137827127496959
1,0.5127980599330096
1,0.5058637420033414
1,0.5112555900135051
0,0.5137827127496959
1,0.5112555900135051
0,0.5127980599330096
1,0.5112555900135051
1,0.5137827127496959
1,0.5137827127496959
0,0.5157961443814388
1,0.5058637420033414
1,0.5112555900135051
1,0.5112555900135051
0,0.5127980599330096
1,0.5058637420033414
1,0.5157961443814388
0,0.4286848465537443
0,0.5112555900135051
1,0.5137827127496959
1,0.5137827127496959
1,0.5058637420033414
0,0.5112555900135051
1,0.5137827127496959
1,0.5157961443814388
1,0.5127980599330096
0,0.5058637420033414
0,0.5127980599330096
1,0.5157961443814388
0,0.5137827127496959
1,0.5058637420033414
1,0.5127980599330096
0,0.5157961443814388
1,0.5058637420033414
0,0.5157961443814388
0,0.5127980599330096
1,0.5112555900135051
1,0.5127980599330096
1,0.5127980599330096
1,0.3358522276668484
0,0.47880368050666566
1,0.5127980599330096
0,0.5137827127496959
1,0.5157961443814388
0,0.5112555900135051
1,0.5127980599330096
1,0.5112555900135051
0,0.5157961443814388
0,0.5157961443814388
0,0.5058637420033414
0,0.5157961443814388
1,0.5112555900135051
1,0.5157961443814388
0,0.5137827127496959
0,0.5058637420033414
1,0.5137827127496959
1,0.5058637420033414
0,0.5137827127496959
1,0.5112555900135051
0,0.5058637420033414
1,0.5157961443814388
1,0.5112555900135051
0,0.5137827127496959
1,0.5112555900135051
0,0.5112555900135051
1,0.5058637420033414
0,0.5157961443814388
0,0.5127980599330096
1,0.5137827127496959
1,0.5127980599330096
0,0.5157961443814388
1,0.5137827127496959
0,0.5157961443814388
1,0.5112555900135051
1,0.5157961443814388
0,0.5157961443814388
1,0.5112555900135051
0,0.5127980599330096
1,0.5112555900135051
1,0.5112555900135051
0,0.5112555900135051
0,0.5058637420033414
0,0.5058637420033414
1,0.5112555900135051
0,0.5137827127496959
0,0.5157961443814388
1,0.5112555900135051
1,0.5137827127496959
1,0.5127980599330096
1,0.5112555900135051
0,0.5112555900135051
1,0.5137827127496959
1,0.5112555900135051
0,0.5157961443814388
0,0.5112555900135051
1,0.5157961443814388
0,0.5157961443814388
0,0.5157961443814388
0,0.5058637420033414
1,0.5112555900135051
1,0.5058637420033414
0,0.5127980599330096
1,0.5137827127496959
0,0.5058637420033414
0,0.5157961443814388
0,0.5157961443814388
1,0.5058637420033414
1,0.5137827127496959
0,0.5112555900135051
0,0.5112555900135051
1,0.5127980599330096
1,0.5058637420033414
1,0.5112555900135051
1,0.5137827127496959
1,0.5058637420033414
0,0.5157961443814388
1,0.5157961443814388
0,0.5157961443814388
1,0.5058637420033414
0,0.5137827127496959
0,0.5127980599330096
0,0.5157961443814388
1,0.5157961443814388
0,0.5137827127496959
0,0.5058637420033414
0,0.5112555900135051
0,0.5112555900135051
1,0.5127980599330096
0,0.5137827127496959
1,0.5112555900135051
1,0.5112555900135051
1,0.5112555900135051
0,0.5112555900135051
1,0.5137827127496959
1,0.5058637420033414
0,0.5137827127496959
1,0.5137827127496959
0,0.5137827127496959
0,0.5157961443814388
1,0.5127980599330096
0,0.5112555900135051
0,0.5157961443814388
1,0.5039354232595765
0,0.5127980599330096
0,0.5127980599330096
1,0.5127980599330096
0,0.5058637420033414
1,0.5157961443814388
0,0.5112555900135051
1,0.5157961443814388
0,0.5058637420033414
0,0.5157961443814388
0,0.5137827127496959
1,0.5137827127496959
1,0.5137827127496959
0,0.5127980599330096
0,0.5127980599330096
0,0.5112555900135051
1,0.5137827127496959
0,0.5058637420033414
1,0.5058637420033414
0,0.5058637420033414
0,0.5127980599330096
1,0.5127980599330096
0,0.5137827127496959
0,0.5127980599330096
0,0.5058637420033414
1,0.5127980599330096
1,0.5157961443814388
0,0.5112555900135051
1,0.5137827127496959
1,0.5112555900135051
1,0.5127980599330096
1,0.5112555900135051
1,0.5127980599330096
0,0.5137827127496959
1,0.5137827127496959
0,0.5137827127496959
1,0.5112555900135051
0,0.5112555900135051
0,0.5137827127496959
0,0.5112555900135051
1,0.5157961443814388
0,0.5157961443814388
0,0.5127980599330096
0,0.5058637420033414
0,0.5157961443814388
0,0.5127980599330096
0,0.5137827127496959
1,0.5058637420033414
0,0.5112555900135051
0,0.5137827127496959
1,0.5058637420033414
0,0.5112555900135051
0,0.5058637420033414
0,0.5137827127496959
1,0.5112555900135051
0,0.5137827127496959
0,0.5137827127496959
1,0.5127980599330096
0,0.5112555900135051
1,0.5058637420033414
0,0.5157961443814388
0,0.5137827127496959
0,0.5157961443814388
0,0.5137827127496959
0,0.5058637420033414
0,0.5137827127496959
1,0.5157961443814388
1,0.5127980599330096
0,0.5127980599330096
0,0.5112555900135051
1,0.5137827127496959
1,0.5127980599330096
0,0.5157961443814388
1,0.5137827127496959
1,0.5112555900135051
1,0.5127980599330096
1,0.5127980599330096
0,0.5112555900135051
1,0.5137827127496959
1,0.5127980599330096
0,0.5137827127496959
0,0.5157961443814388
0,0.5112555900135051
1,0.5112555900135051
0,0.5112555900135051
0,0.5058637420033414
1,0.5127980599330096
0,0.5157961443814388
1,0.5157961443814388
0,0.5058637420033414
1,0.5127980599330096
0,0.5058637420033414
1,0.5137827127496959
0,0.5127980599330096
1,0.5112555900135051
0,0.5127980599330096
1,0.5112555900135051
0,0.5112555900135051
0,0.5112555900135051
0,0.5157961443814388
1,0.5112555900135051
1,0.5137827127496959
1,0.5157961443814388
1,0.5137827127496959
0,0.5058637420033414
1,0.5137827127496959
1,0.5127980599330096
0,0.5157961443814388
1,0.5058637420033414
0,0.5058637420033414
0,0.5127980599330096
1,0.5127980599330096
1,0.5137827127496959
0,0.5112555900135051
1,0.5127980599330096
0,0.5137827127496959
0,0.5127980599330096
0,0.5157961443814388
1,0.5058637420033414
0,0.5137827127496959
1,0.5127980599330096
0,0.5127980599330096
0,0.5058637420033414
1,0.5157961443814388
0,0.5127980599330096
0,0.5058637420033414
0,0.5058637420033414
1,0.5058637420033414
1,0.5137827127496959
0,0.5157961443814388
1,0.5112555900135051
0,0.5112555900135051
1,0.5157961443814388
1,0.5157961443814388
1,0.5157961443814388
0,0.5157961443814388
0,0.5137827127496959
1,0.5127980599330096
0,0.5157961443814388
0,0.5058637420033414
1,0.5127980599330096
1,0.5058637420033414
1,0.5112555900135051
1,0.5112555900135051
1,0.5137827127496959
0,0.5058637420033414
0,0.5137827127496959
1,0.5157961443814388
1,0.5058637420033414
1,0.5157961443814388
0,0.5112555900135051
1,0.5058637420033414
0,0.5157961443814388
1,0.5157961443814388
1,0.5112555900135051
0,0.5112555900135051
1,0.5058637420033414
1,0.5112555900135051
1,0.4515673023213521
1,0.5058637420033414
1,0.5157961443814388
0,0.5112555900135051
1,0.5112555900135051
0,0.5058637420033414
1,0.5058637420033414
0,0.5157961443814388
1,0.5127980599330096
0,0.5112555900135051
1,0.5112555900135051
0,0.5058637420033414
0,0.5058637420033414
1,0.5137827127496959
0,0.5157961443814388
0,0.5127980599330096
1,0.5058637420033414
0,0.5112555900135051
1,0.5137827127496959
1,0.5058637420033414
1,0.5137827127496959
0,0.5127980599330096
0,0.5137827127496959
0,0.5112555900135051
0,0.5137827127496959
0,0.5137827127496959
0,0.5112555900135051
1,0.5137827127496959
0,0.5127980599330096
0,0.5112555900135051
0,0.5112555900135051
0,0.5058637420033414
0,0.3464894266907838
0,0.5127980599330096
0,0.5058637420033414
0,0.5127980599330096
0,0.5112555900135051
0,0.5157961443814388
1,0.5112555900135051
1,0.5058637420033414
1,0.5157961443814388
0,0.5127980599330096
0,0.5127980599330096
0,0.5157961443814388
0,0.5157961443814388
1,0.5157961443814388
0,0.5137827127496959
0,0.5157961443814388
0,0.5058637420033414
0,0.5112555900135051
1,0.5137827127496959
1,0.5157961443814388
0,0.5137827127496959
1,0.5112555900135051
1,0.5112555900135051
0,0.5157961443814388
0,0.5137827127496959
1,0.5127980599330096
0,0.5157961443814388
1,0.5157961443814388
0,0.5137827127496959
1,0.5058637420033414
1,0.5137827127496959
1,0.5127980599330096
1,0.5137827127496959
0,0.5127980599330096
1,0.5112555900135051
1,0.5112555900135051
1,0.5112555900135051
0,0.5157961443814388
1,0.5058637420033414
1,0.5157961443814388
1,0.5058637420033414
1,0.5112555900135051
1,0.5127980599330096
1,0.5127980599330096
1,0.5157961443814388
1,0.5137827127496959
0,0.5137827127496959
1,0.5127980599330096
0,0.5058637420033414
0,0.5058637420033414
0,0.5137827127496959
0,0.5157961443814388
1,0.5157961443814388
1,0.5127980599330096
0,0.5137827127496959
0,0.5127980599330096
1,0.5157961443814388
0,0.5137827127496959
1,0.5058637420033414
0,0.5157961443814388
0,0.5058637420033414
0,0.5157961443814388
0,0.5058637420033414
0,0.5112555900135051
0,0.5157961443814388
1,0.5112555900135051
0,0.5058637420033414
0,0.5137827127496959
1,0.5058637420033414
0,0.5058637420033414
0,0.5058637420033414
0,0.5058637420033414
0,0.5127980599330096
1,0.5157961443814388
1,0.5112555900135051
1,0.5137827127496959
0,0.5058637420033414
0,0.5137827127496959
1,0.5137827127496959
1,0.5058637420033414
0,0.5112555900135051
1,0.5127980599330096
0,0.5127980599330096
0,0.5157961443814388
1,0.5058637420033414
0,0.5127980599330096
0,0.5137827127496959
0,0.5112555900135051
1,0.5157961443814388
1,0.5058637420033414
1,0.5058637420033414
1,0.5058637420033414
1,0.5112555900135051
0,0.5112555900135051
0,0.5137827127496959
0,0.5127980599330096
0,0.5157961443814388
0,0.5157961443814388
0,0.5157961443814388
0,0.5127980599330096
1,0.5137827127496959
0,0.5157961443814388
1,0.5137827127496959
1,0.5157961443814388
0,0.5157961443814388
0,0.5157961443814388
0,0.5127980599330096
1,0.5137827127496959
0,0.5058637420033414
0,0.5127980599330096
1,0.5058637420033414
0,0.5127980599330096
1,0.5157961443814388
0,0.5157961443814388
0,0.5112555900135051
0,0.5137827127496959
1,0.5137827127496959
1,0.5058637420033414
0,0.5058637420033414
1,0.5137827127496959
0,0.5112555900135051
1,0.5137827127496959
1,0.5058637420033414
0,0.5137827127496959
1,0.5157961443814388
1,0.5112555900135051
0,0.5058637420033414
0,0.5157961443814388
0,0.5127980599330096
1,0.5058637420033414
0,0.5127980599330096
0,0.5112555900135051
1,0.5137827127496959
1,0.5157961443814388
0,0.5157961443814388
1,0.5157961443814388
1,0.5127980599330096
1,0.5058637420033414
0,0.5127980599330096
0,0.5157961443814388
1,0.5137827127496959
0,0.5137827127496959
1,0.5127980599330096
0,0.5112555900135051
0,0.5058637420033414
1,0.5112555900135051
0,0.5112555900135051
0,0.5137827127496959
1,0.5157961443814388
0,0.5157961443814388
0,0.5058637420033414
0,0.5137827127496959
1,0.5058637420033414
0,0.5137827127496959
1,0.5058637420033414
0,0.5157961443814388
0,0.5127980599330096
1,0.5058637420033414
1,0.5127980599330096
0,0.5127980599330096
0,0.5112555900135051
1,0.5157961443814388
0,0.5112555900135051
0,0.5112555900135051
0,0.5157961443814388
0,0.5157961443814388
0,0.5137827127496959
1,0.5058637420033414
0,0.5058637420033414
1,0.5058637420033414
0,0.5058637420033414
1,0.5112555900135051
1,0.5127980599330096
0,0.5137827127496959
0,0.5157961443814388
0,0.5112555900135051
1,0.5127980599330096
0,0.5157961443814388
0,0.5157961443814388
0,0.5058637420033414
0,0.5157961443814388
1,0.5157961443814388
0,0.5112555900135051
0,0.5127980599330096
0,0.5137827127496959
1,0.5127980599330096
1,0.5157961443814388
1,0.5112555900135051
1,0.5157961443814388
1,0.5112555900135051
1,0.5157961443814388
0,0.5058637420033414
0,0.5137827127496959
1,0.5058637420033414
1,0.5058637420033414
1,0.5137827127496959
1,0.5157961443814388
0,0.5058637420033414
1,0.5058637420033414
0,0.5058637420033414
1,0.5112555900135051
0,0.5157961443814388
1,0.5157961443814388
0,0.5127980599330096
0,0.5112555900135051
0,0.5058637420033414
1,0.5127980599330096
1,0.5157961443814388
1,0.5137827127496959
1,0.5157961443814388
0,0.5112555900135051
1,0.5157961443814388
1,0.5157961443814388
1,0.5157961443814388
1,0.5127980599330096
0,0.5058637420033414
1,0.5058637420033414
0,0.5157961443814388
0,0.5112555900135051
1,0.5137827127496959
0,0.5058637420033414
1,0.5137827127496959
0,0.5157961443814388
1,0.5127980599330096
1,0.5112555900135051
1,0.5127980599330096
0,0.5127980599330096
1,0.5137827127496959
1,0.5112555900135051
1,0.5157961443814388
0,0.5127980599330096
1,0.5127980599330096
1,0.5112555900135051
0,0.5157961443814388
1,0.5157961443814388
1,0.5058637420033414
1,0.5112555900135051
1,0.5127980599330096
0,0.5058637420033414
0,0.5137827127496959
0,0.5137827127496959
1,0.5058637420033414
0,0.5137827127496959
0,0.5058637420033414
0,0.5127980599330096
1,0.5127980599330096
1,0.5157961443814388
1,0.5112555900135051
1,0.5157961443814388
1,0.5112555900135051
1,0.5127980599330096
0,0.5058637420033414
1,0.5112555900135051
1,0.5058637420033414
0,0.5157961443814388
0,0.5058637420033414
1,0.5058637420033414
1,0.5058637420033414
1,0.5058637420033414
0,0.5112555900135051
0,0.5112555900135051
1,0.5127980599330096
1,0.5112555900135051
1,0.5058637420033414
0,0.5157961443814388
0,0.5157961443814388
0,0.5157961443814388
0,0.5137827127496959
0,0.5157961443814388
1,0.5112555900135051
1,0.5058637420033414
1,0.5157961443814388
0,0.5058637420033414
1,0.5058637420033414
0,0.5127980599330096
1,0.5137827127496959
1,0.5157961443814388
0,0.5112555900135051
1,0.5112555900135051
1,0.5137827127496959
0,0.5112555900135051
1,0.5058637420033414
1,0.5058637420033414
1,0.5127980599330096
0,0.5127980599330096
0,0.5137827127496959
1,0.5157961443814388
1,0.5127980599330096
1,0.5157961443814388
1,0.5127980599330096
0,0.5127980599330096
1,0.5127980599330096
0,0.5058637420033414
0,0.5137827127496959
1,0.5112555900135051
0,0.5157961443814388
1,0.5127980599330096
1,0.5112555900135051
0,0.5127980599330096
0,0.5112555900135051
0,0.5112555900135051
0,0.5137827127496959
1,0.5112555900135051
0,0.5157961443814388
0,0.5127980599330096
1,0.5127980599330096
0,0.5058637420033414
0,0.5157961443814388
0,0.5112555900135051
1,0.5157961443814388
1,0.5058637420033414
0,0.4947683187657024
1,0.5127980599330096
1,0.5127980599330096
1,0.5157961443814388
0,0.5058637420033414
1,0.5112555900135051
1,0.5157961443814388
0,0.5157961443814388
0,0.5058637420033414
1,0.5112555900135051
1,0.5137827127496959
0,0.5157961443814388
0,0.5137827127496959
0,0.5157961443814388
0,0.5157961443814388
0,0.5112555900135051
1,0.5157961443814388
1,0.5157961443814388
0,0.5137827127496959
1,0.5112555900135051
1,0.5157961443814388
0,0.5127980599330096
0,0.5058637420033414
0,0.5127980599330096
1,0.5137827127496959
0,0.5112555900135051
1,0.5137827127496959
1,0.5112555900135051
0,0.5127980599330096
1,0.5112555900135051
0,0.5112555900135051
0,0.5137827127496959
1,0.5112555900135051
0,0.5127980599330096
0,0.5157961443814388
0,0.5058637420033414
0,0.5157961443814388
0,0.5058637420033414
0,0.5137827127496959
0,0.5112555900135051
0,0.5058637420033414
1,0.5127980599330096
1,0.5058637420033414
1,0.5112555900135051
0,0.5127980599330096
1,0.5137827127496959
1,0.5112555900135051
1,0.5058637420033414
0,0.5127980599330096
1,0.5157961443814388
0,0.5127980599330096
1,0.5058637420033414
0,0.5112555900135051
0,0.5157961443814388
0,0.5058637420033414
1,0.5127980599330096
0,0.5127980599330096
0,0.5137827127496959
0,0.5127980599330096
1,0.5137827127496959
0,0.5058637420033414
1,0.5157961443814388
0,0.5157961443814388
1,0.5127980599330096
1,0.5112555900135051
1,0.5157961443814388
1,0.5127980599330096
0,0.5127980599330096
0,0.5112555900135051
1,0.5157961443814388
0,0.5157961443814388
0,0.5058637420033414
1,0.5127980599330096
1,0.5127980599330096
0,0.5127980599330096
1,0.5112555900135051
1,0.5157961443814388
1,0.5137827127496959
1,0.5157961443814388
0,0.5157961443814388
0,0.5127980599330096
1,0.5157961443814388
1,0.5112555900135051
1,0.5157961443814388
1,0.5058637420033414
0,0.5137827127496959
1,0.5157961443814388
1,0.5137827127496959
0,0.5112555900135051
1,0.5127980599330096
1,0.5137827127496959
1,0.5157961443814388
1,0.5157961443814388
0,0.5157961443814388
1,0.5127980599330096
1,0.5058637420033414
1,0.5127980599330096
0,0.5157961443814388
1,0.5137827127496959
1,0.5112555900135051
1,0.5112555900135051
0,0.5058637420033414
1,0.5058637420033414
1,0.5137827127496959
0,0.5127980599330096
1,0.5112555900135051
0,0.5127980599330096
0,0.5112555900135051
1,0.5137827127496959
0,0.5157961443814388
0,0.5058637420033414
0,0.5137827127496959
1,0.5127980599330096
1,0.5137827127496959
1,0.5157961443814388
0,0.5157961443814388
0,0.5127980599330096
1,0.5157961443814388
0,0.5058637420033414
0,0.5112555900135051
0,0.5127980599330096
1,0.5058637420033414
0,0.5112555900135051
0,0.5137827127496959
1,0.5127980599330096
1,0.5112555900135051
0,0.5137827127496959
1,0.5137827127496959
0,0.5058637420033414
0,0.5137827127496959
1,0.5058637420033414
0,0.5058637420033414
0,0.5127980599330096
1,0.5157961443814388
1,0.5137827127496959
0,0.5112555900135051
0,0.5157961443814388
1,0.5058637420033414
1,0.5058637420033414
0,0.5127980599330096
0,0.5112555900135051
0,0.5127980599330096
0,0.5112555900135051
1,0.5058637420033414
1,0.5157961443814388
0,0.5127980599330096
1,0.5157961443814388
1,0.5157961443814388
1,0.5157961443814388
1,0.5157961443814388
0,0.5012393430706503
1,0.5127980599330096
0,0.5058637420033414
0,0.5137827127496959
0,0.5058637420033414
0,0.5058637420033414
1,0.5127980599330096
0,0.5157961443814388
1,0.5112555900135051
1,0.5137827127496959
0,0.5157961443814388
1,0.5157961443814388
1,0.5137827127496959
1,0.5058637420033414
0,0.5157961443814388
0,0.5112555900135051
0,0.5058637420033414
0,0.5127980599330096
0,0.5137827127496959
0,0.5137827127496959
1,0.5058637420033414
1,0.5058637420033414
0,0.5058637420033414
1,0.5157961443814388
1,0.5058637420033414
1,0.5112555900135051
0,0.5112555900135051
0,0.5112555900135051
1,0.5137827127496959
0,0.5157961443814388
1,0.5058637420033414
1,0.5112555900135051
0,0.5112555900135051
1,0.5127980599330096
0,0.5157961443814388
1,0.5058637420033414
1,0.5137827127496959
0,0.5157961443814388
1,0.5157961443814388
0,0.5127980599330096
0,0.5137827127496959
1,0.5058637420033414
0,0.5127980599330096
0,0.5058637420033414
1,0.5137827127496959
1,0.5058637420033414
1,0.5157961443814388
0,0.5058637420033414
0,0.5157961443814388
0,0.5137827127496959
1,0.5112555900135051
0,0.5157961443814388
0,0.5137827127496959
1,0.5157961443814388
1,0.5157961443814388
0,0.5137827127496959
1,0.5127980599330096
1,0.5112555900135051
0,0.5058637420033414
1,0.5112555900135051
0,0.5157961443814388
1,0.5127980599330096
1,0.5112555900135051
1,0.5127980599330096
0,0.5157961443814388
1,0.5157961443814388
1,0.5137827127496959
1,0.5137827127496959
1,0.5058637420033414
1,0.5058637420033414
0,0.5112555900135051
1,0.5058637420033414
1,0.5112555900135051
1,0.5157961443814388
0,0.5018817958422204
0,0.5137827127496959
0,0.5157961443814388
0,0.5058637420033414
0,0.5058637420033414
0,0.5058637420033414
0,0.5157961443814388
1,0.5112555900135051
0,0.5137827127496959
0,0.5112555900135051
1,0.5058637420033414
0,0.5112555900135051
1,0.5058637420033414
0,0.5137827127496959
0,0.5137827127496959
0,0.5137827127496959
1,0.5127980599330096
1,0.5137827127496959
0,0.5137827127496959
1,0.5127980599330096
0,0.5137827127496959
0,0.5127980599330096
1,0.5137827127496959
1,0.5058637420033414
0,0.5127980599330096
1,0.5137827127496959
0,0.5157961443814388
1,0.5058637420033414
1,0.5127980599330096
1,0.5137827127496959
0,0.5137827127496959
1,0.5137827127496959
1,0.5058637420033414
1,0.5157961443814388
1,0.5157961443814388
1,0.5127980599330096
1,0.5058637420033414
0,0.5058637420033414
1,0.5058637420033414
0,0.5157961443814388
0,0.5157961443814388
1,0.5127980599330096
0,0.5112555900135051
1,0.5157961443814388
0,0.5058637420033414
1,0.5127980599330096
0,0.5137827127496959
0,0.5137827127496959
1,0.5137827127496959
0,0.5127980599330096
0,0.5127980599330096
0,0.5157961443814388
0,0.5137827127496959
0,0.5127980599330096
0,0.5088789148266991
1,0.5112555900135051
0,0.5112555900135051
0,0.5058637420033414
0,0.5157961443814388
0,0.5112555900135051
1,0.5127980599330096
0,0.5127980599330096
0,0.5112555900135051
0,0.5157961443814388
0,0.4206125213465851
0,0.5127980599330096
1,0.5157961443814388
0,0.5157961443814388
1,0.5058637420033414
1,0.5137827127496959
0,0.5127980599330096
0,0.5058637420033414
0,0.5127980599330096
1,0.5112555900135051
0,0.5157961443814388
0,0.5112555900135051
1,0.5127980599330096
1,0.5127980599330096
0,0.5157961443814388
0,0.5112555900135051
0,0.5137827127496959
0,0.5157961443814388
1,0.5112555900135051
1,0.5058637420033414
0,0.5112555900135051
1,0.5157961443814388
1,0.5157961443814388
1,0.5137827127496959
0,0.5157961443814388
0,0.5127980599330096
0,0.5157961443814388
1,0.5112555900135051
1,0.5112555900135051
0,0.5127980599330096
1,0.5127980599330096
0,0.5137827127496959
0,0.5058637420033414
0,0.5112555900135051
0,0.5137827127496959
0,0.5127980599330096
1,0.5137827127496959
1,0.5058637420033414
0,0.5137827127496959
0,0.5127980599330096
1,0.5058637420033414
0,0.5112555900135051
0,0.5157961443814388
1,0.5127980599330096
1,0.5157961443814388
0,0.5157961443814388
0,0.5127980599330096
1,0.5137827127496959
1,0.5058637420033414
1,0.5058637420033414
1,0.5137827127496959
1,0.5127980599330096
0,0.5127980599330096
1,0.5157961443814388
1,0.5127980599330096
0,0.5058637420033414
0,0.5112555900135051
0,0.5127980599330096
0,0.5137827127496959
1,0.5157961443814388
0,0.5137827127496959
0,0.5058637420033414
1,0.5017266129953015
0,0.5127980599330096
1,0.5058637420033414
1,0.5058637420033414
1,0.5058637420033414
0,0.5112555900135051
1,0.5137827127496959
1,0.5127980599330096
0,0.5112555900135051
0,0.5058637420033414
0,0.5127980599330096
0,0.5157961443814388
1,0.5137827127496959
0,0.5137827127496959
1,0.5112555900135051
0,0.5112555900135051
1,0.5058637420033414
1,0.5127980599330096
0,0.5058637420033414
0,0.5058637420033414
1,0.5127980599330096
1,0.5112555900135051
0,0.5058637420033414
1,0.5112555900135051
1,0.5112555900135051
0,0.5127980599330096
1,0.5112555900135051
1,0.5058637420033414
0,0.5058637420033414
0,0.5127980599330096
0,0.5058637420033414
1,0.5127980599330096
0,0.5157961443814388
0,0.5127980599330096
0,0.5127980599330096
1,0.5137827127496959
0,0.5137827127496959
0,0.5137827127496959
0,0.5127980599330096
0,0.5112555900135051
0,0.5058637420033414
1,0.5137827127496959
1,0.5058637420033414
0,0.5058637420033414
0,0.5127980599330096
1,0.5157961443814388
0,0.5137827127496959
0,0.5112555900135051
1,0.5137827127496959
1,0.5112555900135051
1,0.5137827127496959
0,0.5112555900135051
0,0.5127980599330096
1,0.5157961443814388
1,0.5058637420033414
0,0.5157961443814388
1,0.5058637420033414
0,0.5058637420033414
1,0.5127980599330096
1,0.5137827127496959
0,0.5157961443814388
0,0.5137827127496959
0,0.5112555900135051
1,0.5137827127496959
1,0.5157961443814388
1,0.5157961443814388
1,0.5127980599330096
0,0.5137827127496959
1,0.5157961443814388
0,0.5127980599330096
0,0.5058637420033414
0,0.5157961443814388
0,0.5058637420033414
0,0.5137827127496959
0,0.5127980599330096
0,0.5127980599330096
1,0.5127980599330096
0,0.5157961443814388
0,0.5127980599330096
1,0.5058637420033414
1,0.5112555900135051
0,0.5157961443814388
0,0.5157961443814388
0,0.5058637420033414
0,0.5127980599330096
0,0.5127980599330096
1,0.5157961443814388
0,0.5127980599330096
1,0.5157961443814388
1,0.5157961443814388
1,0.5137827127496959
0,0.5157961443814388
0,0.5112555900135051
0,0.5137827127496959
1,0.49749497301624496
0,0.4213359422034623
1,0.5058637420033414
1,0.5127980599330096
1,0.5157961443814388
1,0.5137827127496959
1,0.5058637420033414
0,0.5157961443814388
1,0.5112555900135051
0,0.5127980599330096
0,0.5058637420033414
1,0.5127980599330096
0,0.5127980599330096
0,0.3885350268999088
0,0.5127980599330096
0,0.5157961443814388
0,0.5058637420033414
1,0.5127980599330096
0,0.5157961443814388
0,0.5157961443814388
1,0.5058637420033414
0,0.5112555900135051
1,0.5112555900135051
0,0.5157961443814388
0,0.5127980599330096
1,0.5157961443814388
0,0.5112555900135051
0,0.5157961443814388
1,0.5157961443814388
0,0.4001529867130098
0,0.4824705966164493
0,0.5127980599330096
1,0.5058637420033414
1,0.5112555900135051
0,0.5137827127496959
0,0.5137827127496959
1,0.5127980599330096
0,0.5058637420033414
0,0.5112555900135051
0,0.5112555900135051
1,0.5137827127496959
0,0.5157961443814388
0,0.5137827127496959
1,0.5127980599330096
0,0.5137827127496959
0,0.5112555900135051
1,0.39606944281851864
1,0.5127980599330096
0,0.5157961443814388
1,0.5137827127496959
0,0.5137827127496959
0,0.5137827127496959
1,0.5157961443814388
1,0.5058637420033414
0,0.5058637420033414
1,0.5127980599330096
1,0.5127980599330096
0,0.5058637420033414
1,0.5058637420033414
0,0.5058637420033414
0,0.5157961443814388
0,0.5112555900135051
1,0.5157961443814388
0,0.5127980599330096
0,0.5058637420033414
0,0.5157961443814388
1,0.5157961443814388
1,0.5157961443814388
0,0.5137827127496959
0,0.5127980599330096
0,0.5127980599330096
1,0.5157961443814388
1,0.5137827127496959
1,0.5137827127496959
1,0.5127980599330096
1,0.5112555900135051
0,0.5137827127496959
1,0.5058637420033414
0,0.5112555900135051
0,0.5112555900135051
1,0.5112555900135051
0,0.5157961443814388
1,0.5127980599330096
1,0.5058637420033414
0,0.5137827127496959
1,0.5127980599330096
0,0.5127980599330096
1,0.25885446666759093
1,0.5058637420033414
1,0.5137827127496959
1,0.5112555900135051
0,0.5112555900135051
0,0.5137827127496959
1,0.5157961443814388
1,0.5157961443814388
1,0.5137827127496959
1,0.5137827127496959
1,0.5137827127496959
0,0.5157961443814388
0,0.5157961443814388
1,0.5127980599330096
1,0.5157961443814388
0,0.5112555900135051
0,0.5157961443814388
1,0.5112555900135051
0,0.5058637420033414
1,0.5112555900135051
0,0.5058637420033414
0,0.5112555900135051
0,0.5137827127496959
0,0.5112555900135051
0,0.5127980599330096
0,0.5157961443814388
1,0.5127980599330096
1,0.5112555900135051
0,0.5137827127496959
1,0.5137827127496959
0,0.5127980599330096
1,0.5137827127496959
1,0.5137827127496959
0,0.5112555900135051
0,0.5137827127496959
0,0.5058637420033414
1,0.5137827127496959
1,0.5127980599330096
1,0.5157961443814388
0,0.5112555900135051
1,0.5157961443814388
0,0.5127980599330096
1,0.5112555900135051
1,0.5157961443814388
0,0.5137827127496959
0,0.5112555900135051
1,0.5157961443814388
1,0.5127980599330096
0,0.5137827127496959
0,0.5058637420033414
1,0.5112555900135051
0,0.5127980599330096
1,0.5112555900135051
1,0.5112555900135051
0,0.5112555900135051
0,0.5157961443814388
0,0.5058637420033414
1,0.5157961443814388
0,0.5137827127496959
0,0.5112555900135051
1,0.5157961443814388
0,0.5127980599330096
1,0.5058637420033414
1,0.5112555900135051
0,0.5058637420033414
0,0.5112555900135051
1,0.5127980599330096
1,0.5157961443814388
0,0.5112555900135051
0,0.5157961443814388
0,0.5127980599330096
0,0.5058637420033414
0,0.5157961443814388
1,0.5137827127496959
0,0.5127980599330096
1,0.5127980599330096
0,0.5112555900135051
1,0.5137827127496959
1,0.5137827127496959
1,0.5157961443814388
0,0.5157961443814388
1,0.5157961443814388
0,0.5127980599330096
0,0.5112555900135051
1,0.5157961443814388
0,0.5157961443814388
1,0.5058637420033414
1,0.5127980599330096
1,0.5157961443814388
0,0.5112555900135051
1,0.5137827127496959
1,0.5058637420033414
1,0.5058637420033414
0,0.5157961443814388
1,0.5137827127496959
1,0.5157961443814388
1,0.5137827127496959
1,0.5058637420033414
1,0.5137827127496959
1,0.5157961443814388
1,0.5157961443814388
0,0.5127980599330096
1,0.5127980599330096
0,0.5112555900135051
1,0.5157961443814388
1,0.5112555900135051
1,0.5127980599330096
0,0.5112555900135051
1,0.5157961443814388
0,0.5127980599330096
1,0.5137827127496959
0,0.5127980599330096
0,0.5157961443814388
0,0.5058637420033414
1,0.5112555900135051
0,0.5127980599330096
0,0.5058637420033414
1,0.5127980599330096
0,0.5112555900135051
1,0.5058637420033414
1,0.5112555900135051
0,0.5058637420033414
1,0.5058637420033414
1,0.5127980599330096
0,0.5157961443814388
1,0.5157961443814388
0,0.5137827127496959
0,0.5112555900135051
1,0.5058637420033414
1,0.5112555900135051
1,0.5157961443814388
0,0.5137827127496959
1,0.5127980599330096
0,0.5112555900135051
1,0.5112555900135051
0,0.5127980599330096
1,0.5137827127496959
0,0.5058637420033414
0,0.5137827127496959
1,0.5137827127496959
1,0.5157961443814388
1,0.5127980599330096
0,0.5058637420033414
1,0.5127980599330096
1,0.5127980599330096
1,0.5112555900135051
1,0.5127980599330096
1,0.5112555900135051
0,0.5058637420033414
0,0.5112555900135051
1,0.5112555900135051
0,0.5127980599330096
0,0.5157961443814388
0,0.5112555900135051
0,0.5137827127496959
1,0.5127980599330096
1,0.5127980599330096
1,0.5127980599330096
0,0.5058637420033414
1,0.5058637420033414
0,0.5127980599330096
1,0.5058637420033414
1,0.5127980599330096
0,0.5157961443814388
1,0.5058637420033414
0,0.5112555900135051
1,0.5127980599330096
1,0.5058637420033414
0,0.5127980599330096
1,0.5157961443814388
0,0.5058637420033414
1,0.5112555900135051
0,0.5137827127496959
0,0.5058637420033414
0,0.5127980599330096
1,0.5058637420033414
0,0.5127980599330096
1,0.5058637420033414
0,0.5112555900135051
1,0.5058637420033414
0,0.5058637420033414
1,0.5137827127496959
1,0.5137827127496959
1,0.5112555900135051
1,0.5137827127496959
0,0.5127980599330096
0,0.5137827127496959
1,0.5112555900135051
1,0.5157961443814388
1,0.5112555900135051
1,0.5127980599330096
1,0.5157961443814388
0,0.5112555900135051
0,0.5112555900135051
1,0.5127980599330096
0,0.5137827127496959
1,0.5058637420033414
0,0.5112555900135051
1,0.5127980599330096
1,0.5157961443814388
1,0.5127980599330096
1,0.5137827127496959
1,0.5137827127496959
1,0.5112555900135051
1,0.5137827127496959
1,0.5127980599330096
0,0.5157961443814388
1,0.5058637420033414
1,0.5157961443814388
0,0.5157961443814388
0,0.5137827127496959
1,0.5058637420033414
0,0.5112555900135051
0,0.5127980599330096
0,0.5127980599330096
1,0.5127980599330096
1,0.5112555900135051
0,0.5112555900135051
1,0.5112555900135051
1,0.5058637420033414
0,0.5127980599330096
0,0.5112555900135051
1,0.5127980599330096
1,0.5112555900135051
0,0.5137827127496959
1,0.5157961443814388
0,0.5058637420033414
1,0.5137827127496959
0,0.5127980599330096
1,0.5112555900135051
1,0.5058637420033414
1,0.5127980599330096
1,0.5157961443814388
1,0.5137827127496959
1,0.5157961443814388
1,0.5137827127496959
0,0.5127980599330096
0,0.5058637420033414
1,0.5058637420033414
1,0.5112555900135051
0,0.5127980599330096
0,0.5127980599330096
1,0.5157961443814388
0,0.5137827127496959
0,0.5112555900135051
1,0.5112555900135051
1,0.5058637420033414
0,0.5127980599330096
1,0.5112555900135051
0,0.5112555900135051
0,0.5058637420033414
0,0.5157961443814388
1,0.5137827127496959
1,0.5058637420033414
1,0.5127980599330096
0,0.5127980599330096
0,0.5127980599330096
1,0.5157961443814388
1,0.5157961443814388
1,0.5112555900135051
0,0.5058637420033414
1,0.5137827127496959
0,0.5137827127496959
1,0.5127980599330096
0,0.5157961443814388
1,0.5127980599330096
0,0.5112555900135051
1,0.5157961443814388
1,0.5157961443814388
1,0.5112555900135051
0,0.5157961443814388
0,0.5112555900135051
0,0.5127980599330096
1,0.5112555900135051
0,0.5137827127496959
1,0.5137827127496959
1,0.5112555900135051
0,0.5157961443814388
0,0.5127980599330096
1,0.5127980599330096
0,0.5112555900135051
1,0.5137827127496959
1,0.5137827127496959
1,0.5112555900135051
1,0.5127980599330096
1,0.5112555900135051
1,0.5112555900135051
1,0.5127980599330096
1,0.5112555900135051
0,0.5127980599330096
0,0.5137827127496959
1,0.5127980599330096
1,0.5058637420033414
0,0.5112555900135051
1,0.5127980599330096
0,0.5127980599330096
0,0.5112555900135051
1,0.5058637420033414
0,0.5058637420033414
0,0.5137827127496959
1,0.5112555900135051
1,0.5112555900135051
1,0.5058637420033414
1,0.5137827127496959
1,0.5112555900135051
0,0.5137827127496959
1,0.5058637420033414
1,0.5112555900135051
1,0.5157961443814388
0,0.5157961443814388
1,0.5112555900135051
1,0.5127980599330096
0,0.5112555900135051
1,0.5112555900135051
0,0.5137827127496959
1,0.5112555900135051
0,0.5137827127496959
1,0.5112555900135051
1,0.5137827127496959
0,0.5137827127496959
1,0.5112555900135051
0,0.5157961443814388
0,0.5157961443814388
0,0.5137827127496959
0,0.5112555900135051
1,0.5112555900135051
0,0.5112555900135051
1,0.5137827127496959
0,0.5058637420033414
0,0.5112555900135051
1,0.5112555900135051
0,0.5112555900135051
0,0.5112555900135051
0,0.5112555900135051
0,0.5137827127496959
0,0.4781462438211856
0,0.5157961443814388
0,0.5127980599330096
1,0.3388845507085623
0,0.5127980599330096
1,0.5137827127496959
1,0.5157961443814388
1,0.5112555900135051
0,0.5127980599330096
0,0.5058637420033414
0,0.5058637420033414
0,0.5058637420033414
1,0.5157961443814388
1,0.5127980599330096
0,0.5157961443814388
1,0.5137827127496959
0,0.5112555900135051
1,0.5127980599330096
1,0.5112555900135051
0,0.5058637420033414
0,0.5157961443814388
0,0.5112555900135051
0,0.5127980599330096
0,0.5112555900135051
0,0.5127980599330096
0,0.5112555900135051
0,0.5127980599330096
1,0.5058637420033414
1,0.5112555900135051
1,0.5058637420033414
1,0.5112555900135051
1,0.5137827127496959
0,0.5127980599330096
1,0.5127980599330096
1,0.5112555900135051
1,0.5127980599330096
1,0.5127980599330096
0,0.5058637420033414
1,0.5137827127496959
1,0.5112555900135051
0,0.5157961443814388
1,0.5112555900135051
0,0.5157961443814388
1,0.5127980599330096
1,0.5058637420033414
0,0.5157961443814388
1,0.5137827127496959
0,0.5137827127496959
1,0.5112555900135051
0,0.5058637420033414
0,0.5058637420033414
0,0.5137827127496959
1,0.5127980599330096
1,0.5058637420033414
0,0.5112555900135051
0,0.5127980599330096
0,0.5137827127496959
0,0.5157961443814388
1,0.5137827127496959
1,0.5127980599330096
1,0.5157961443814388
0,0.5157961443814388
0,0.5058637420033414
1,0.5137827127496959
0,0.5137827127496959
1,0.5137827127496959
0,0.5112555900135051
1,0.5058637420033414
0,0.5157961443814388
0,0.5157961443814388
1,0.5157961443814388
1,0.5157961443814388
1,0.5157961443814388
0,0.5058637420033414
0,0.5137827127496959
1,0.5058637420033414
0,0.5137827127496959
1,0.5137827127496959
0,0.5157961443814388
1,0.5157961443814388
1,0.5058637420033414
0,0.5112555900135051
1,0.5127980599330096
0,0.5137827127496959
0,0.5058637420033414
0,0.5157961443814388
1,0.5112555900135051
0,0.5058637420033414
0,0.5127980599330096
0,0.5058637420033414
0,0.5127980599330096
0,0.5137827127496959
0,0.5127980599330096
1,0.5157961443814388
1,0.5127980599330096
1,0.5157961443814388
1,0.5137827127496959
1,0.5157961443814388
1,0.5157961443814388
1,0.5127980599330096
0,0.5137827127496959
1,0.5127980599330096
1,0.5157961443814388
0,0.5127980599330096
1,0.5112555900135051
1,0.5058637420033414
0,0.5058637420033414
0,0.5127980599330096
1,0.5137827127496959
1,0.5157961443814388
1,0.5157961443814388
1,0.5127980599330096
1,0.5058637420033414
1,0.5137827127496959
0,0.5112555900135051
1,0.5127980599330096
0,0.5112555900135051
0,0.5058637420033414
1,0.5137827127496959
0,0.5137827127496959
0,0.5157961443814388
0,0.5058637420033414
0,0.5137827127496959
0,0.5137827127496959
0,0.5112555900135051
1,0.5058637420033414
0,0.5137827127496959
1,0.5137827127496959
0,0.5137827127496959
1,0.5127980599330096
0,0.5157961443814388
1,0.5112555900135051
0,0.5058637420033414
1,0.5112555900135051
1,0.5157961443814388
1,0.5137827127496959
0,0.5157961443814388
1,0.5127980599330096
1,0.5127980599330096
0,0.5112555900135051
1,0.5058637420033414
0,0.5127980599330096
1,0.5112555900135051
1,0.5137827127496959
1,0.5137827127496959
0,0.5157961443814388
0,0.5157961443814388
1,0.5058637420033414
1,0.5157961443814388
1,0.5058637420033414
0,0.5058637420033414
0,0.5157961443814388
0,0.5127980599330096
0,0.5127980599330096
1,0.5127980599330096
1,0.5127980599330096
1,0.5112555900135051
0,0.5137827127496959
1,0.5157961443814388
0,0.5137827127496959
0,0.5127980599330096
0,0.5127980599330096
1,0.5137827127496959
0,0.5112555900135051
1,0.5058637420033414
1,0.5127980599330096
0,0.5112555900135051
0,0.5112555900135051
0,0.5058637420033414
1,0.5058637420033414
1,0.5157961443814388
1,0.5112555900135051
1,0.5157961443814388
0,0.5058637420033414
0,0.5058637420033414
1,0.5137827127496959
0,0.5058637420033414
0,0.5137827127496959
1,0.5127980599330096
1,0.5112555900135051
1,0.5157961443814388
0,0.5157961443814388
0,0.5157961443814388
0,0.5112555900135051
0,0.5157961443814388
0,0.5157961443814388
1,0.5137827127496959
1,0.5127980599330096
0,0.5112555900135051
0,0.5127980599330096
0,0.5058637420033414
1,0.5112555900135051
0,0.5127980599330096
1,0.5137827127496959
0,0.5112555900135051
0,0.5137827127496959
1,0.5137827127496959
0,0.5157961443814388
0,0.5127980599330096
1,0.5127980599330096
0,0.5112555900135051
0,0.5137827127496959
1,0.5157961443814388
1,0.5058637420033414
0,0.5137827127496959
0,0.5112555900135051
0,0.5137827127496959
1,0.5127980599330096
1,0.5127980599330096
0,0.5127980599330096
1,0.5157961443814388
1,0.5058637420033414
0,0.5058637420033414
0,0.5058637420033414
1,0.5127980599330096
1,0.5137827127496959
0,0.5157961443814388
1,0.5112555900135051
1,0.5058637420033414
1,0.5127980599330096
1,0.5058637420033414
1,0.5127980599330096
0,0.5112555900135051
0,0.5112555900135051
0,0.5127980599330096
0,0.5137827127496959
0,0.5137827127496959
0,0.5112555900135051
0,0.5157961443814388
1,0.5127980599330096
1,0.5137827127496959
0,0.5157961443814388
1,0.5112555900135051
1,0.5112555900135051
1,0.5137827127496959
1,0.5058637420033414
0,0.5157961443814388
0,0.5112555900135051
1,0.5058637420033414
1,0.5157961443814388
0,0.5058637420033414
1,0.5137827127496959
0,0.5137827127496959
0,0.5137827127496959
0,0.5127980599330096
0,0.5127980599330096
0,0.5157961443814388
0,0.5137827127496959
0,0.5137827127496959
1,0.5058637420033414
1,0.5137827127496959
0,0.5058637420033414
0,0.5137827127496959
0,0.5127980599330096
1,0.5127980599330096
1,0.5058637420033414
1,0.5058637420033414
1,0.5127980599330096
0,0.5137827127496959
0,0.5127980599330096
0,0.5137827127496959
1,0.5127980599330096
1,0.5157961443814388
0,0.5137827127496959
1,0.5127980599330096
0,0.5137827127496959
1,0.5112555900135051
1,0.5058637420033414
0,0.5137827127496959
1,0.5058637420033414
1,0.5157961443814388
1,0.5137827127496959
1,0.5157961443814388
0,0.5157961443814388
0,0.5137827127496959
0,0.5058637420033414
1,0.5127980599330096
1,0.5157961443814388
0,0.5058637420033414
1,0.5137827127496959
1,0.5058637420033414
1,0.5127980599330096
1,0.5137827127496959
1,0.5157961443814388
1,0.5112555900135051
0,0.5127980599330096
0,0.5112555900135051
1,0.5137827127496959
0,0.5112555900135051
1,0.5137827127496959
0,0.5058637420033414
1,0.5137827127496959
0,0.5137827127496959
1,0.5112555900135051
1,0.5157961443814388
1,0.5127980599330096
1,0.5127980599330096
0,0.5127980599330096
1,0.5058637420033414
0,0.5112555900135051
0,0.5112555900135051
0,0.5157961443814388
1,0.5157961443814388
0,0.5157961443814388
0,0.5137827127496959
0,0.5035695927507235
1,0.5058637420033414
0,0.5157961443814388
1,0.5058637420033414
0,0.5137827127496959
1,0.5157961443814388
0,0.5157961443814388
0,0.5112555900135051
0,0.5112555900135051
0,0.5058637420033414
0,0.5058637420033414
1,0.5157961443814388
1,0.5058637420033414
0,0.5112555900135051
1,0.5137827127496959
1,0.5137827127496959
1,0.5137827127496959
1,0.5157961443814388
0,0.5127980599330096
0,0.5127980599330096
0,0.5058637420033414
1,0.5112555900135051
1,0.5112555900135051
0,0.5157961443814388
1,0.5127980599330096
1,0.5127980599330096
1,0.5157961443814388
1,0.5127980599330096
1,0.5112555900135051
1,0.5157961443814388
0,0.5058637420033414
0,0.5127980599330096
0,0.5157961443814388
0,0.5058637420033414
1,0.5157961443814388
1,0.5127980599330096
0,0.5127980599330096
0,0.5112555900135051
0,0.5127980599330096
0,0.5127980599330096
1,0.5112555900135051
1,0.5137827127496959
1,0.5112555900135051
0,0.5127980599330096
1,0.5127980599330096
1,0.5058637420033414
0,0.5157961443814388
1,0.5058637420033414
1,0.5157961443814388
0,0.5058637420033414
1,0.5157961443814388
0,0.5157961443814388
0,0.5127980599330096
1,0.5112555900135051
1,0.5112555900135051
0,0.5112555900135051
0,0.5137827127496959
1,0.5058637420033414
0,0.5112555900135051
0,0.5058637420033414
0,0.5157961443814388
1,0.5157961443814388
1,0.5127980599330096
0,0.5127980599330096
1,0.5137827127496959
1,0.5157961443814388
0,0.5127980599330096
1,0.5137827127496959
1,0.5112555900135051
0,0.5127980599330096
0,0.5137827127496959
0,0.5058637420033414
0,0.5112555900135051
0,0.5058637420033414
0,0.5058637420033414
0,0.5112555900135051
0,0.5137827127496959
0,0.5157961443814388
1,0.5058637420033414
0,0.5112555900135051
1,0.5058637420033414
0,0.5157961443814388
0,0.5112555900135051
1,0.5058637420033414
0,0.5127980599330096
0,0.5127980599330096
0,0.5137827127496959
1,0.5112555900135051
0,0.5127980599330096
1,0.5137827127496959
0,0.5127980599330096
0,0.5137827127496959
1,0.5112555900135051
0,0.5058637420033414
1,0.5112555900135051
0,0.5112555900135051
1,0.5058637420033414
1,0.5157961443814388
1,0.5127980599330096
0,0.5157961443814388
1,0.5127980599330096
0,0.5137827127496959
1,0.5127980599330096
1,0.5137827127496959
1,0.5157961443814388
1,0.5137827127496959
0,0.5127980599330096
1,0.5137827127496959
0,0.5058637420033414
1,0.5112555900135051
1,0.5127980599330096
1,0.5112555900135051
0,0.5137827127496959
0,0.5112555900135051
1,0.5112555900135051
1,0.5058637420033414
0,0.5058637420033414
1,0.5157961443814388
0,0.5058637420033414
0,0.5112555900135051
1,0.5058637420033414
0,0.5112555900135051
1,0.5112555900135051
1,0.5058637420033414
1,0.5127980599330096
0,0.5058637420033414
1,0.5157961443814388
1,0.5127980599330096
1,0.5058637420033414
0,0.5157961443814388
1,0.5127980599330096
0,0.5157961443814388
0,0.5058637420033414
1,0.5112555900135051
0,0.5157961443814388
1,0.5058637420033414
0,0.5058637420033414
1,0.5127980599330096
1,0.5058637420033414
0,0.5127980599330096
1,0.5058637420033414
0,0.5137827127496959
1,0.5058637420033414
0,0.5112555900135051
0,0.5112555900135051
0,0.5058637420033414
1,0.5058637420033414
1,0.5112555900135051
0,0.5112555900135051
1,0.5137827127496959
1,0.5157961443814388
1,0.5112555900135051
1,0.5127980599330096
0,0.5112555900135051
0,0.5112555900135051
0,0.5137827127496959
0,0.5127980599330096
1,0.5127980599330096
1,0.5157961443814388
1,0.5058637420033414
0,0.5112555900135051
0,0.5127980599330096
0,0.5137827127496959
1,0.5058637420033414
1,0.5157961443814388
0,0.5137827127496959
0,0.5127980599330096
1,0.5058637420033414
0,0.5112555900135051
0,0.5127980599330096
0,0.5112555900135051
1,0.5137827127496959
0,0.5127980599330096
1,0.5112555900135051
1,0.5112555900135051
0,0.5112555900135051
0,0.5157961443814388
1,0.5112555900135051
0,0.5058637420033414
0,0.5137827127496959
1,0.5058637420033414
0,0.5112555900135051
0,0.5127980599330096
1,0.5137827127496959
0,0.5058637420033414
0,0.5137827127496959
0,0.5112555900135051
0,0.5157961443814388
0,0.5157961443814388
0,0.5137827127496959
1,0.5127980599330096
0,0.5112555900135051
1,0.5127980599330096
0,0.5112555900135051
0,0.5137827127496959
0,0.5112555900135051
0,0.5137827127496959
0,0.5058637420033414
1,0.5127980599330096
1,0.5137827127496959
0,0.5157961443814388
0,0.5112555900135051
0,0.5058637420033414
1,0.5127980599330096
0,0.5058637420033414
0,0.5137827127496959
0,0.5137827127496959
1,0.5137827127496959
0,0.5112555900135051
1,0.5112555900135051
0,0.5127980599330096
1,0.5137827127496959
0,0.5058637420033414
1,0.5137827127496959
0,0.5058637420033414
1,0.5127980599330096
1,0.5112555900135051
0,0.5127980599330096
1,0.5137827127496959
1,0.5157961443814388
0,0.5137827127496959
1,0.5112555900135051
0,0.5127980599330096
1,0.5112555900135051
1,0.5127980599330096
0,0.5127980599330096
1,0.5058637420033414
0,0.5058637420033414
1,0.5058637420033414
0,0.5127980599330096
0,0.5058637420033414
0,0.5112555900135051
0,0.5112555900135051
0,0.5157961443814388
0,0.5157961443814388
1,0.5137827127496959
1,0.5127980599330096
1,0.5157961443814388
1,0.5127980599330096
1,0.5157961443814388
0,0.5137827127496959
0,0.5137827127496959
0,0.5058637420033414
0,0.5137827127496959
1,0.5157961443814388
1,0.5157961443814388
0,0.5112555900135051
0,0.5112555900135051
0,0.5157961443814388
0,0.5157961443814388
1,0.5127980599330096
1,0.5137827127496959
1,0.5157961443814388
1,0.5157961443814388
1,0.5137827127496959
0,0.5137827127496959
0,0.5127980599330096
0,0.5112555900135051
1,0.5058637420033414
1,0.5112555900135051
1,0.5137827127496959
0,0.5127980599330096
1,0.5157961443814388
0,0.5058637420033414
0,0.5127980599330096
1,0.5137827127496959
1,0.5137827127496959
0,0.5058637420033414
1,0.5127980599330096
0,0.5058637420033414
1,0.5157961443814388
0,0.5137827127496959
1,0.5112555900135051
1,0.5112555900135051
0,0.5058637420033414
0,0.5112555900135051
1,0.5157961443814388
0,0.5058637420033414
1,0.5157961443814388
1,0.5137827127496959
0,0.5058637420033414
0,0.5127980599330096
0,0.5058637420033414
1,0.5157961443814388
0,0.5058637420033414
0,0.5157961443814388
0,0.5058637420033414
0,0.5127980599330096
0,0.5137827127496959
0,0.5137827127496959
0,0.5127980599330096
1,0.5058637420033414
1,0.5157961443814388
1,0.5127980599330096
0,0.5058637420033414
0,0.5127980599330096
0,0.5127980599330096
0,0.5137827127496959
0,0.5127980599330096
1,0.5127980599330096
1,0.5127980599330096
0,0.5058637420033414
1,0.5058637420033414
0,0.5058637420033414
0,0.5112555900135051
0,0.5157961443814388
1,0.5127980599330096
0,0.5157961443814388
0,0.5127980599330096
1,0.5112555900135051
1,0.5058637420033414
1,0.5137827127496959
0,0.5157961443814388
1,0.5058637420033414
1,0.5127980599330096
0,0.5112555900135051
0,0.5157961443814388
1,0.5058637420033414
0,0.5058637420033414
0,0.5127980599330096
0,0.4664199891019945
0,0.5137827127496959
0,0.5058637420033414
1,0.5058637420033414
0,0.5157961443814388
1,0.5127980599330096
1,0.5137827127496959
0,0.5058637420033414
0,0.5127980599330096
1,0.5112555900135051
0,0.5157961443814388
0,0.5112555900135051
0,0.5157961443814388
0,0.5157961443814388
1,0.5058637420033414
1,0.5112555900135051
0,0.5157961443814388
1,0.5127980599330096
1,0.5137827127496959
0,0.5137827127496959
0,0.5157961443814388
0,0.5058637420033414
1,0.5157961443814388
1,0.5058637420033414
0,0.5112555900135051
1,0.5137827127496959
0,0.5137827127496959
0,0.5157961443814388
0,0.5112555900135051
1,0.5112555900135051
0,0.5058637420033414
1,0.5157961443814388
1,0.5058637420033414
0,0.5058637420033414
0,0.5058637420033414
0,0.5112555900135051
0,0.5157961443814388
1,0.5137827127496959
0,0.5157961443814388
1,0.5058637420033414
1,0.5127980599330096
1,0.5127980599330096
0,0.5157961443814388
1,0.5157961443814388
0,0.5112555900135051
0,0.5157961443814388
1,0.5112555900135051
1,0.5127980599330096
1,0.5127980599330096
1,0.5112555900135051
1,0.5058637420033414
0,0.5137827127496959
0,0.5058637420033414
1,0.5112555900135051
0,0.5112555900135051
1,0.5058637420033414
0,0.5058637420033414
0,0.5112555900135051
1,0.5127980599330096
1,0.5112555900135051
1,0.5127980599330096
1,0.5157961443814388
1,0.5127980599330096
0,0.5127980599330096
1,0.5127980599330096
0,0.5058637420033414
0,0.5058637420033414
1,0.5137827127496959
0,0.5058637420033414
0,0.5127980599330096
1,0.5137827127496959
0,0.5058637420033414
1,0.5137827127496959
1,0.5137827127496959
1,0.5137827127496959
0,0.5127980599330096
1,0.5157961443814388
0,0.5058637420033414
0,0.5157961443814388
1,0.5157961443814388
1,0.5137827127496959
1,0.5112555900135051
0,0.5127980599330096
1,0.5058637420033414
1,0.5058637420033414
1,0.5058637420033414
0,0.5058637420033414
1,0.5112555900135051
0,0.5157961443814388
0,0.5137827127496959
1,0.5157961443814388
1,0.5157961443814388
1,0.5112555900135051
1,0.5058637420033414
0,0.5127980599330096
1,0.5112555900135051
1,0.5127980599330096
0,0.5157961443814388
1,0.5137827127496959
1,0.5127980599330096
0,0.5127980599330096
0,0.5127980599330096
0,0.5112555900135051
1,0.5127980599330096
0,0.5157961443814388
0,0.5137827127496959
1,0.5127980599330096
1,0.5137827127496959
0,0.5127980599330096
1,0.5058637420033414
1,0.5112555900135051
0,0.5051719448194805
1,0.5058637420033414
1,0.5157961443814388
0,0.5137827127496959
1,0.5058637420033414
1,0.5137827127496959
1,0.5157961443814388
0,0.5127980599330096
0,0.5112555900135051
0,0.5058637420033414
1,0.5157961443814388
1,0.5058637420033414
1,0.5137827127496959
1,0.5137827127496959
1,0.5127980599330096
1,0.5137827127496959
1,0.5127980599330096
0,0.5137827127496959
0,0.5112555900135051
0,0.5112555900135051
1,0.5157961443814388
1,0.5058637420033414
0,0.5112555900135051
1,0.5058637420033414
0,0.5157961443814388
1,0.5127980599330096
0,0.5137827127496959
0,0.5127980599330096
1,0.5157961443814388
1,0.5157961443814388
0,0.5058637420033414
0,0.5058637420033414
1,0.5137827127496959
0,0.5137827127496959
0,0.5137827127496959
1,0.5157961443814388
0,0.5137827127496959
0,0.5137827127496959
0,0.5137827127496959
0,0.5058637420033414
1,0.5127980599330096
0,0.5127980599330096
1,0.5112555900135051
1,0.5058637420033414
0,0.5157961443814388
0,0.5157961443814388
0,0.5127980599330096
1,0.5127980599330096
1,0.5112555900135051
1,0.5112555900135051
1,0.5127980599330096
1,0.5112555900135051
1,0.5112555900135051
0,0.5058637420033414
1,0.5137827127496959
1,0.5137827127496959
0,0.5112555900135051
0,0.5137827127496959
0,0.5112555900135051
1,0.5112555900135051
0,0.5058637420033414
1,0.5127980599330096
0,0.5137827127496959
1,0.5137827127496959
0,0.5058637420033414
1,0.5127980599330096
0,0.5058637420033414
0,0.5112555900135051
1,0.5058637420033414
0,0.5157961443814388
0,0.5127980599330096
1,0.5157961443814388
1,0.5137827127496959
0,0.5157961443814388
1,0.5137827127496959
0,0.5137827127496959
1,0.5157961443814388
0,0.5058637420033414
1,0.5112555900135051
0,0.5058637420033414
1,0.5127980599330096
0,0.5137827127496959
1,0.5112555900135051
1,0.5058637420033414
0,0.5058637420033414
0,0.5127980599330096
0,0.5137827127496959
1,0.5157961443814388
0,0.5157961443814388
0,0.5127980599330096
0,0.45503308520362407
1,0.5112555900135051
0,0.5137827127496959
1,0.5137827127496959
1,0.5058637420033414
1,0.5058637420033414
0,0.5157961443814388
1,0.5137827127496959
0,0.5127980599330096
1,0.5112555900135051
1,0.5127980599330096
1,0.5137827127496959
0,0.5127980599330096
0,0.5127980599330096
0,0.5058637420033414
1,0.5112555900135051
1,0.5137827127496959
1,0.5157961443814388
1,0.5058637420033414
1,0.5127980599330096
1,0.5137827127496959
0,0.5157961443814388
1,0.5112555900135051
0,0.5127980599330096
0,0.5058637420033414
1,0.5058637420033414
1,0.5137827127496959
1,0.5112555900135051
1,0.5058637420033414
1,0.5058637420033414
1,0.5112555900135051
1,0.5112555900135051
1,0.5112555900135051
1,0.5112555900135051
0,0.5112555900135051
0,0.5157961443814388
0,0.5157961443814388
1,0.5157961443814388
0,0.5127980599330096
0,0.5112555900135051
1,0.5137827127496959
0,0.5112555900135051
1,0.5157961443814388
1,0.5058637420033414
1,0.5137827127496959
1,0.5127980599330096
0,0.5058637420033414
1,0.5137827127496959
0,0.5137827127496959
0,0.5157961443814388
1,0.5157961443814388
0,0.5137827127496959
0,0.5112555900135051
0,0.5058637420033414
0,0.5137827127496959
1,0.5112555900135051
1,0.5157961443814388
1,0.5058637420033414
1,0.5112555900135051
0,0.5157961443814388
1,0.5157961443814388
1,0.5137827127496959
1,0.5058637420033414
0,0.5137827127496959
1,0.5058637420033414
0,0.5157961443814388
1,0.5157961443814388
1,0.5127980599330096
0,0.5127980599330096
0,0.5137827127496959
0,0.5137827127496959
0,0.5137827127496959
1,0.5157961443814388
0,0.5058637420033414
1,0.5137827127496959
0,0.5058637420033414
1,0.5112555900135051
0,0.5112555900135051
1,0.5112555900135051
1,0.5137827127496959
0,0.5137827127496959
0,0.5112555900135051
1,0.5112555900135051
0,0.5058637420033414
0,0.5137827127496959
0,0.5137827127496959
1,0.5127980599330096
0,0.5137827127496959
0,0.5112555900135051
1,0.5127980599330096
0,0.5137827127496959
1,0.5157961443814388
1,0.5112555900135051
1,0.5112555900135051
0,0.5058637420033414
0,0.5127980599330096
0,0.5157961443814388
1,0.5127980599330096
1,0.5157961443814388
0,0.5112555900135051
1,0.5157961443814388
1,0.5112555900135051
1,0.5137827127496959
1,0.5157961443814388
0,0.5157961443814388
0,0.5112555900135051
0,0.5137827127496959
1,0.5058637420033414
1,0.5112555900135051
1,0.5127980599330096
1,0.5157961443814388
1,0.5137827127496959
1,0.5112555900135051
1,0.5157961443814388
0,0.5157961443814388
1,0.5127980599330096
1,0.5112555900135051
1,0.5157961443814388
0,0.5157961443814388
0,0.5127980599330096
0,0.5157961443814388
1,0.5157961443814388
1,0.5127980599330096
0,0.5127980599330096
1,0.5127980599330096
0,0.5058637420033414
1,0.5157961443814388
0,0.5137827127496959
0,0.5127980599330096
1,0.5127980599330096
1,0.5127980599330096
0,0.5127980599330096
0,0.5157961443814388
1,0.5112555900135051
1,0.5157961443814388
0,0.5112555900135051
1,0.5127980599330096
0,0.5112555900135051
1,0.5058637420033414
0,0.5058637420033414
0,0.5112555900135051
0,0.5157961443814388
1,0.5127980599330096
1,0.5137827127496959
1,0.5058637420033414
0,0.5137827127496959
0,0.5137827127496959
0,0.5127980599330096
0,0.5137827127496959
1,0.5112555900135051
1,0.5137827127496959
0,0.5127980599330096
0,0.5058637420033414
0,0.5058637420033414
1,0.5058637420033414
1,0.5127980599330096
0,0.5137827127496959
0,0.5157961443814388
1,0.5112555900135051
0,0.5127980599330096
1,0.5127980599330096
1,0.5137827127496959
1,0.5127980599330096
0,0.5058637420033414
0,0.5127980599330096
0,0.5137827127496959
0,0.5137827127496959
0,0.5058637420033414
0,0.5127980599330096
1,0.5127980599330096
1,0.5137827127496959
0,0.5112555900135051
1,0.5112555900135051
1,0.5137827127496959
0,0.5137827127496959
0,0.5137827127496959
1,0.5058637420033414
0,0.5157961443814388
0,0.5127980599330096
1,0.5127980599330096
0,0.5157961443814388
1,0.5157961443814388
1,0.5058637420033414
0,0.5137827127496959
1,0.5127980599330096
1,0.5157961443814388
0,0.5137827127496959
0,0.5157961443814388
1,0.5157961443814388
1,0.5157961443814388
1,0.5157961443814388
0,0.5058637420033414
0,0.5058637420033414
0,0.5137827127496959
0,0.5157961443814388
1,0.5137827127496959
1,0.5112555900135051
1,0.5127980599330096
0,0.5058637420033414
0,0.5127980599330096
1,0.5127980599330096
1,0.5058637420033414
0,0.5058637420033414
1,0.5112555900135051
0,0.5112555900135051
1,0.5058637420033414
0,0.5058637420033414
1,0.5127980599330096
1,0.5137827127496959
0,0.5127980599330096
1,0.5058637420033414
0,0.510567820852499
0,0.5127980599330096
1,0.5127980599330096
1,0.5127980599330096
1,0.5137827127496959
1,0.5058637420033414
1,0.5137827127496959
1,0.5137827127496959
1,0.5137827127496959
1,0.5112555900135051
0,0.5127980599330096
1,0.5157961443814388
0,0.5112555900135051
1,0.5058637420033414
0,0.5157961443814388
0,0.5087590751083017
0,0.5058637420033414
0,0.5157961443814388
0,0.5127980599330096
1,0.5058637420033414
0,0.5127980599330096
0,0.5157961443814388
1,0.5127980599330096
0,0.5058637420033414
0,0.5112555900135051
1,0.5137827127496959
1,0.5127980599330096
1,0.5137827127496959
1,0.5157961443814388
1,0.5157961443814388
1,0.5127980599330096
0,0.5157961443814388
1,0.5137827127496959
0,0.5157961443814388
1,0.5058637420033414
0,0.5058637420033414
0,0.5157961443814388
1,0.49564327781696804
1,0.5127980599330096
0,0.5157961443814388
0,0.5127980599330096
1,0.5157961443814388
1,0.5058637420033414
1,0.5137827127496959
1,0.5127980599330096
1,0.5127980599330096
1,0.5157961443814388
0,0.5157961443814388
0,0.5157961443814388
1,0.5112555900135051
0,0.5058637420033414
1,0.5137827127496959
1,0.5137827127496959
0,0.5112555900135051
0,0.5112555900135051
1,0.5137827127496959
0,0.5127980599330096
1,0.5127980599330096
1,0.5157961443814388
0,0.5039490419107208
0,0.5058637420033414
0,0.5102588980752695
1,0.5137827127496959
0,0.5055424232851234
0,0.5137827127496959
1,0.5058637420033414
0,0.5137827127496959
0,0.5127980599330096
0,0.5127980599330096
1,0.5058637420033414
0,0.5157961443814388
0,0.5157961443814388
1,0.5112555900135051
1,0.5058637420033414
1,0.5112555900135051
0,0.5058637420033414
1,0.5058637420033414
1,0.5058637420033414
0,0.5112555900135051
1,0.5127980599330096
1,0.5157961443814388
0,0.5127980599330096
1,0.5127980599330096
1,0.5157961443814388
1,0.5137827127496959
1,0.5127980599330096
1,0.5137827127496959
0,0.5102714509727418
1,0.5139465856825494
0,0.5058637420033414
0,0.5127980599330096
1,0.48982915155788126
0,0.5137827127496959
0,0.5058637420033414
0,0.5127980599330096
0,0.5058637420033414
1,0.5097791800685219
0,0.5058637420033414
0,0.5112555900135051
0,0.5137827127496959
1,0.5137827127496959
1,0.5137827127496959
1,0.49466459620330383
0,0.5127980599330096
0,0.5112555900135051
1,0.5127980599330096
0,0.5137827127496959
0,0.5112555900135051
0,0.5027581911859444
0,0.5064323206359248
1,0.5058637420033414
0,0.5127980599330096
0,0.5094948553383125
0,0.5058637420033414
1,0.5137827127496959
1,0.5112555900135051
1,0.4992848316265368
1,0.5137827127496959
1,0.4971749783909365
0,0.49755594787533874
0,0.5072239820217567
0,0.5137827127496959
0,0.5058637420033414
0,0.4789983989691325
1,0.4909533909152712
0,0.5044252216177785
0,0.5137827127496959
1,0.5005569530236447
1,0.5082257919955775
0,0.5078459447015095
0,0.5137827127496959
0,0.5127980599330096
0,0.507543237540963
0,0.5074948307359693
1,0.5068851066894187
1,0.5127980599330096
0,0.5137827127496959
1,0.5137827127496959
1,0.5112555900135051
0,0.5083509643245036
0,0.5137827127496959
0,0.5137827127496959
1,0.5127980599330096
0,0.5058637420033414
1,0.5112555900135051
1,0.5127980599330096
1,0.5137827127496959
1,0.5112555900135051
0,0.5058637420033414
0,0.5157961443814388
1,0.5112555900135051
0,0.5112555900135051
1,0.5157961443814388
1,0.5157961443814388
0,0.5058637420033414
0,0.5137827127496959
0,0.5127980599330096
1,0.5058637420033414
1,0.5137827127496959
0,0.5137827127496959
0,0.5137827127496959
1,0.5137827127496959
0,0.5137827127496959
1,0.5157961443814388
0,0.5157961443814388
0,0.5137827127496959
1,0.5058637420033414
0,0.5127980599330096
1,0.5058637420033414
0,0.5127980599330096
0,0.5127980599330096
0,0.5137827127496959
1,0.5058637420033414
1,0.5157961443814388
1,0.5058637420033414
1,0.5112555900135051
0,0.5157961443814388
1,0.5157961443814388
0,0.5127980599330096
1,0.5137827127496959
0,0.5112555900135051
0,0.5058637420033414
0,0.5157961443814388
0,0.5137827127496959
0,0.5058637420033414
1,0.5058637420033414
0,0.5137827127496959
1,0.5127980599330096
0,0.5127980599330096
0,0.5127980599330096
1,0.5157961443814388
1,0.5157961443814388
1,0.5137827127496959
0,0.5058637420033414
1,0.5058637420033414
0,0.5058637420033414
0,0.5127980599330096
1,0.5127980599330096
0,0.5127980599330096
1,0.5058637420033414
1,0.5137827127496959
1,0.5137827127496959
1,0.5127980599330096
1,0.5137827127496959
0,0.5127980599330096
0,0.5137827127496959
1,0.5137827127496959
0,0.5157961443814388
0,0.5127980599330096
0,0.5112555900135051
1,0.5157961443814388
1,0.5004421083055332
0,0.5022455278544433
0,0.5127980599330096
1,0.5157961443814388
1,0.5127980599330096
0,0.5043855226459565
0,0.5137827127496959
0,0.5127980599330096
0,0.5024874459054683
0,0.5055044361531945
0,0.5127980599330096
0,0.5058637420033414
1,0.5137827127496959
0,0.5157961443814388
0,0.49493024165808874
1,0.5127980599330096
0,0.5137827127496959
0,0.5094508444789013
0,0.505134336889686
0,0.5137827127496959
0,0.5157961443814388
0,0.5127980599330096
1,0.5058637420033414
0,0.5127980599330096
0,0.5127980599330096
0,0.5127980599330096
1,0.5058637420033414
1,0.5137827127496959
1,0.5041908279605479
0,0.5074271450516975
1,0.5127980599330096
0,0.5127980599330096
0,0.5011246668881983
1,0.505973500279616
0,0.5127980599330096
0,0.5127980599330096
0,0.5157961443814388
1,0.5058637420033414
0,0.5112555900135051
0,0.5137827127496959
0,0.5137827127496959
0,0.5157961443814388
1,0.5157961443814388
1,0.5127980599330096
1,0.5082378633501949
1,0.5157961443814388
1,0.5058637420033414
1,0.5157961443814388
0,0.5058637420033414
1,0.5157961443814388
1,0.5069050819226548
0,0.5157961443814388
1,0.5157961443814388
0,0.5157961443814388
0,0.5137827127496959
0,0.5112555900135051
1,0.5058637420033414
1,0.5137827127496959
0,0.49971833947537536
1,0.5051050833660513
1,0.5127980599330096
1,0.5157961443814388
0,0.5085730295245651
1,0.5058637420033414
1,0.5127980599330096
0,0.5137827127496959
1,0.5127980599330096
0,0.5137827127496959
1,0.5137827127496959
1,0.501950966350298
0,0.5127980599330096
0,0.4809363380683888
0,0.5058637420033414
0,0.5127980599330096
0,0.5112555900135051
0,0.5137827127496959
1,0.5157961443814388
1,0.5137827127496959
1,0.5157961443814388
0,0.5112555900135051
0,0.5127980599330096
1,0.5058637420033414
1,0.5157961443814388
0,0.5137827127496959
1,0.5112555900135051
0,0.5058637420033414
1,0.5112555900135051
1,0.5137827127496959
0,0.5137827127496959
1,0.5137827127496959
1,0.5137827127496959
0,0.5157961443814388
0,0.5137827127496959
1,0.5058637420033414
0,0.5157961443814388
0,0.5157961443814388
1,0.5058637420033414
1,0.5004740387309979
0,0.5112555900135051
1,0.5112555900135051
1,0.5127980599330096
1,0.5157961443814388
1,0.5157961443814388
1,0.5112555900135051
1,0.5137827127496959
1,0.506798310584027
1,0.5157961443814388
0,0.5058637420033414
0,0.5157961443814388
0,0.5157961443814388
0,0.5058637420033414
1,0.5127980599330096
1,0.5058637420033414
1,0.5055038185225029
1,0.5127980599330096
0,0.5084334006610846
1,0.5137827127496959
1,0.49498110868807416
1,0.5137827127496959
0,0.5127980599330096
1,0.5137827127496959
0,0.5127980599330096
0,0.5137827127496959
1,0.5137827127496959
1,0.5137827127496959
1,0.5127980599330096
0,0.5157961443814388
1,0.5137827127496959
0,0.5127980599330096
0,0.5127980599330096
1,0.5127980599330096
0,0.5157961443814388
0,0.5112555900135051
1,0.5127980599330096
0,0.5058637420033414
1,0.5058637420033414
1,0.5137827127496959
1,0.5137827127496959
0,0.5127980599330096
1,0.5058637420033414
0,0.5137827127496959
1,0.5127980599330096
1,0.5137827127496959
1,0.5112555900135051
0,0.5058637420033414
0,0.5157961443814388
1,0.5157961443814388
0,0.5058637420033414
0,0.5058637420033414
0,0.5137827127496959
1,0.5137827127496959
0,0.5058637420033414
1,0.5157961443814388
1,0.5112555900135051
1,0.5137827127496959
0,0.5127980599330096
0,0.5058637420033414
1,0.4942894145257455
1,0.5127980599330096
1,0.5157961443814388
0,0.5127980599330096
1,0.5127980599330096
1,0.5157961443814388
0,0.5127980599330096
0,0.5112555900135051
0,0.5112555900135051
1,0.5127980599330096
0,0.5127980599330096
0,0.5112555900135051
1,0.5112555900135051
0,0.5137827127496959
1,0.5127980599330096
0,0.5137827127496959
1,0.5014622149841859
0,0.5137827127496959
0,0.48740721338998044
1,0.49384411685680857
0,0.49462488234960905
1,0.5112555900135051
0,0.5157961443814388
1,0.5127980599330096
0,0.5058637420033414
1,0.5157961443814388
1,0.5112555900135051
0,0.5137827127496959
0,0.5112555900135051
0,0.5127980599330096
0,0.49726068385799765
0,0.5127980599330096
0,0.5127980599330096
0,0.5127980599330096
1,0.5157961443814388
0,0.5157961443814388
1,0.5127980599330096
1,0.5058637420033414
1,0.5157961443814388
0,0.5112555900135051
0,0.5058637420033414
1,0.5058637420033414
0,0.5058637420033414
1,0.5157961443814388
1,0.5058637420033414
0,0.5127980599330096
0,0.5157961443814388
1,0.5112555900135051
1,0.5058637420033414
0,0.5157961443814388
0,0.5112555900135051
0,0.5058637420033414
1,0.5157961443814388
1,0.5058637420033414
0,0.5112555900135051
1,0.5127980599330096
1,0.5058637420033414
1,0.5137827127496959
1,0.5058637420033414
1,0.5112555900135051
0,0.5157961443814388
1,0.5112555900135051
1,0.5112555900135051
0,0.5157961443814388
1,0.5137827127496959
0,0.5157961443814388
1,0.5112555900135051
1,0.5137827127496959
1,0.5058637420033414
1,0.5112555900135051
0,0.5112555900135051
0,0.5127980599330096
1,0.5058637420033414
0,0.5137827127496959
0,0.5058637420033414
0,0.5127980599330096
1,0.5058637420033414
1,0.5058637420033414
1,0.5127980599330096
1,0.5127980599330096
1,0.5157961443814388
0,0.5112555900135051
0,0.5157961443814388
1,0.5137827127496959
0,0.5112555900135051
1,0.5127980599330096
0,0.3884522417084459
0,0.5058637420033414
0,0.5058637420033414
0,0.5112555900135051
1,0.5112555900135051
0,0.5058637420033414
1,0.5112555900135051
1,0.5127980599330096
1,0.5112555900135051
0,0.5112555900135051
1,0.5137827127496959
1,0.5137827127496959
1,0.5058637420033414
0,0.5127980599330096
1,0.5090320039193973
0,0.5050726833571701
1,0.5137827127496959
0,0.5127980599330096
1,0.5112555900135051
0,0.5112555900135051
1,0.5079114936122379
1,0.5058637420033414
0,0.5112555900135051
1,0.5129422077461928
1,0.5070005521289993
0,0.5137827127496959
0,0.5137827127496959
0,0.5157961443814388
1,0.5157961443814388
0,0.5137827127496959
0,0.513600751140414
0,0.5132827640210613
0,0.5137827127496959
0,0.5127980599330096
0,0.5112555900135051
0,0.5127980599330096
1,0.5157961443814388
0,0.5157961443814388
0,0.5137827127496959
1,0.5112555900135051
0,0.5112555900135051
1,0.5058637420033414
0,0.5058637420033414
0,0.5127980599330096
1,0.5157961443814388
1,0.5137827127496959
1,0.5137827127496959
0,0.5058637420033414
1,0.5137827127496959
1,0.5112555900135051
0,0.5127980599330096
1,0.5112555900135051
1,0.5137827127496959
1,0.5154000420264735
1,0.5157961443814388
1,0.5157961443814388
0,0.5137827127496959
1,0.5137827127496959
0,0.5058637420033414
1,0.5127980599330096
0,0.5127980599330096
1,0.5157961443814388
1,0.5137827127496959
1,0.5157961443814388
0,0.5112555900135051
1,0.5127980599330096
1,0.5127980599330096
0,0.5112555900135051
0,0.5157961443814388
1,0.5058637420033414
1,0.5137827127496959
1,0.5058637420033414
1,0.5127980599330096
1,0.5127980599330096
0,0.5127980599330096
1,0.5137827127496959
0,0.5112555900135051
1,0.5127980599330096
0,0.5058637420033414
1,0.5127980599330096
1,0.5137827127496959
1,0.5137827127496959
1,0.5112555900135051
1,0.5137827127496959
1,0.5127980599330096
1,0.5127980599330096
0,0.5137827127496959
1,0.5157961443814388
0,0.5137827127496959
0,0.5127980599330096
1,0.5137827127496959
1,0.5157961443814388
0,0.5137827127496959
1,0.5127980599330096
0,0.5137827127496959
0,0.5058637420033414
1,0.5127980599330096
0,0.5058637420033414
0,0.5112555900135051
1,0.5127980599330096
1,0.5112555900135051
0,0.5137827127496959
0,0.5137827127496959
1,0.5058637420033414
1,0.5127980599330096
0,0.5157961443814388
0,0.5058637420033414
1,0.5058637420033414
1,0.5058637420033414
0,0.5112555900135051
1,0.5058637420033414
0,0.5058637420033414
0,0.5127980599330096
1,0.5137827127496959
1,0.5112555900135051
1,0.5127980599330096
1,0.5112555900135051
0,0.5137827127496959
0,0.5112555900135051
0,0.5112555900135051
1,0.5127980599330096
0,0.5157961443814388
1,0.5112555900135051
0,0.5157961443814388
0,0.5137827127496959
1,0.5127980599330096
1,0.5157961443814388
0,0.5058637420033414
0,0.5127980599330096
0,0.5112555900135051
0,0.5157961443814388
1,0.5127980599330096
0,0.5137827127496959
0,0.5157961443814388
0,0.5127980599330096
0,0.5157961443814388
1,0.5112555900135051
1,0.5137827127496959
0,0.5112555900135051
0,0.5137827127496959
1,0.5112555900135051
0,0.5127980599330096
1,0.5058637420033414
1,0.5127980599330096
1,0.5127980599330096
0,0.5157961443814388
1,0.5137827127496959
1,0.5137827127496959
0,0.5058637420033414
1,0.5127980599330096
1,0.5157961443814388
1,0.5058637420033414
0,0.5112555900135051
0,0.5058637420033414
1,0.5157961443814388
1,0.5127980599330096
0,0.5127980599330096
1,0.5058637420033414
0,0.5137827127496959
1,0.5137827127496959
1,0.5112555900135051
1,0.5137827127496959
0,0.5157961443814388
0,0.5157961443814388
0,0.5127980599330096
1,0.5112555900135051
0,0.5137827127496959
0,0.5058637420033414
1,0.5112555900135051
0,0.5112555900135051
1,0.5127980599330096
0,0.5127980599330096
0,0.5157961443814388
0,0.5058637420033414
1,0.5112555900135051
0,0.5157961443814388
0,0.5157961443814388
1,0.5112555900135051
0,0.5157961443814388
0,0.5127980599330096
1,0.5157961443814388
0,0.5058637420033414
1,0.5157961443814388
0,0.5137827127496959
0,0.5127980599330096
0,0.5112555900135051
1,0.5137827127496959
1,0.5157961443814388
1,0.5127980599330096
1,0.5157961443814388
1,0.5112555900135051
1,0.5127980599330096
0,0.5112555900135051
0,0.5127980599330096
0,0.5157961443814388
0,0.5157961443814388
1,0.5127980599330096
0,0.5112555900135051
0,0.5058637420033414
0,0.5127980599330096
1,0.5137827127496959
0,0.5058637420033414
1,0.5058637420033414
0,0.5058637420033414
0,0.5127980599330096
0,0.5137827127496959
1,0.5137827127496959
0,0.5112555900135051
0,0.5058637420033414
1,0.5157961443814388
0,0.5137827127496959
0,0.5157961443814388
0,0.5058637420033414
1,0.5058637420033414
0,0.5112555900135051
1,0.5127980599330096
1,0.5112555900135051
1,0.5058637420033414
1,0.5127980599330096
0,0.5157961443814388
1,0.5112555900135051
0,0.5137827127496959
0,0.5058637420033414
1,0.5058637420033414
0,0.5058637420033414
1,0.5157961443814388
1,0.5157961443814388
0,0.5112555900135051
1,0.5127980599330096
0,0.5112555900135051
1,0.5137827127496959
1,0.5058637420033414
1,0.5157961443814388
1,0.5058637420033414
1,0.5157961443814388
1,0.5157961443814388
0,0.5157961443814388
1,0.5137827127496959
0,0.5127980599330096
1,0.5127980599330096
0,0.5112555900135051
0,0.5157961443814388
0,0.5137827127496959
0,0.5127980599330096
0,0.5058637420033414
1,0.5112555900135051
0,0.5058637420033414
0,0.5058637420033414
1,0.5127980599330096
1,0.5058637420033414
1,0.5137827127496959
1,0.5127980599330096
0,0.5157961443814388
1,0.5112555900135051
1,0.5127980599330096
1,0.5112555900135051
0,0.5058637420033414
0,0.5137827127496959
0,0.5157961443814388
1,0.5157961443814388
0,0.5157961443814388
1,0.5127980599330096
1,0.5058637420033414
0,0.5137827127496959
0,0.5058637420033414
1,0.5112555900135051
1,0.5058637420033414
0,0.5137827127496959
1,0.5157961443814388
0,0.5137827127496959
1,0.5058637420033414
1,0.5112555900135051
1,0.5112555900135051
1,0.5157961443814388
1,0.5157961443814388
1,0.5112555900135051
0,0.5137827127496959
1,0.5137827127496959
1,0.5058637420033414
1,0.5112555900135051
1,0.5137827127496959
0,0.5137827127496959
0,0.5112555900135051
0,0.5157961443814388
0,0.5112555900135051
1,0.5127980599330096
0,0.5058637420033414
0,0.5157961443814388
1,0.5157961443814388
1,0.5127980599330096
0,0.5112555900135051
1,0.5112555900135051
0,0.5112555900135051
1,0.5157961443814388
0,0.5058637420033414
0,0.5137827127496959
1,0.5112555900135051
0,0.5137827127496959
1,0.5137827127496959
0,0.5157961443814388
1,0.5112555900135051
0,0.5157961443814388
1,0.5137827127496959
1,0.5112555900135051
1,0.5112555900135051
1,0.5058637420033414
1,0.5137827127496959
1,0.5058637420033414
1,0.5127980599330096
0,0.5127980599330096
1,0.5058637420033414
1,0.5058637420033414
0,0.5137827127496959
0,0.5137827127496959
1,0.5137827127496959
0,0.5157961443814388
0,0.5137827127496959
0,0.5157961443814388
0,0.5058637420033414
0,0.5112555900135051
0,0.5137827127496959
0,0.5157961443814388
1,0.5112555900135051
0,0.5157961443814388
1,0.5157961443814388
0,0.5112555900135051
0,0.5112555900135051
1,0.5127980599330096
1,0.5157961443814388
0,0.5058637420033414
1,0.5127980599330096
0,0.5112555900135051
1,0.5157961443814388
0,0.5137827127496959
1,0.5058637420033414
0,0.5137827127496959
0,0.5137827127496959
1,0.5127980599330096
1,0.5137827127496959
1,0.5058637420033414
1,0.5058637420033414
1,0.5157961443814388
0,0.5137827127496959
0,0.5127980599330096
0,0.5112555900135051
1,0.5127980599330096
0,0.5157961443814388
1,0.5137827127496959
0,0.5137827127496959
1,0.5157961443814388
0,0.5112555900135051
1,0.5137827127496959
0,0.5112555900135051
1,0.5157961443814388
0,0.5058637420033414
0,0.5058637420033414
1,0.5112555900135051
0,0.5137827127496959
0,0.5157961443814388
1,0.5058637420033414
1,0.5157961443814388
1,0.5137827127496959
1,0.5058637420033414
0,0.5157961443814388
1,0.5157961443814388
1,0.5112555900135051
1,0.5127980599330096
1,0.5058637420033414
0,0.5112555900135051
1,0.5058637420033414
1,0.5137827127496959
1,0.5112555900135051
1,0.5112555900135051
0,0.5058637420033414
1,0.5058637420033414
1,0.5127980599330096
1,0.5058637420033414
1,0.5137827127496959
1,0.5157961443814388
0,0.5137827127496959
1,0.5127980599330096
1,0.5058637420033414
1,0.5127980599330096
0,0.5058637420033414
0,0.5137827127496959
1,0.5157961443814388
1,0.5157961443814388
1,0.5127980599330096
0,0.5112555900135051
1,0.5157961443814388
0,0.5058637420033414
0,0.5127980599330096
1,0.5137827127496959
1,0.5137827127496959
0,0.5058637420033414
1,0.5112555900135051
0,0.5127980599330096
1,0.5058637420033414
1,0.5127980599330096
0,0.5127980599330096
1,0.5137827127496959
1,0.5137827127496959
1,0.5157961443814388
0,0.5112555900135051
1,0.5157961443814388
1,0.5112555900135051
0,0.5127980599330096
1,0.5112555900135051
1,0.5127980599330096
0,0.5058637420033414
1,0.5137827127496959
1,0.5112555900135051
1,0.5137827127496959
0,0.5157961443814388
0,0.5112555900135051
1,0.5112555900135051
0,0.5157961443814388
0,0.5157961443814388
0,0.5127980599330096
0,0.5112555900135051
1,0.5112555900135051
0,0.5112555900135051
1,0.5127980599330096
1,0.5157961443814388
0,0.5137827127496959
1,0.5137827127496959
1,0.5058637420033414
1,0.5127980599330096
1,0.5112555900135051
1,0.5112555900135051
0,0.5157961443814388
0,0.5112555900135051
1,0.5058637420033414
1,0.5112555900135051
0,0.5137827127496959
1,0.5112555900135051
0,0.5058637420033414
0,0.5058637420033414
1,0.5137827127496959
1,0.5112555900135051
0,0.5127980599330096
1,0.5112555900135051
1,0.5157961443814388
0,0.5112555900135051
0,0.5127980599330096
1,0.5127980599330096
0,0.5058637420033414
0,0.5058637420033414
0,0.5127980599330096
1,0.5157961443814388
0,0.5127980599330096
0,0.5127980599330096
1,0.5157961443814388
1,0.5137827127496959
1,0.5127980599330096
1,0.5058637420033414
1,0.5112555900135051
0,0.5137827127496959
1,0.5157961443814388
0,0.5127980599330096
1,0.5058637420033414
1,0.5137827127496959
1,0.5137827127496959
0,0.5127980599330096
0,0.5112555900135051
0,0.5058637420033414
1,0.5112555900135051
1,0.5058637420033414
0,0.5058637420033414
1,0.5137827127496959
1,0.5058637420033414
1,0.5137827127496959
1,0.5112555900135051
0,0.5058637420033414
0,0.5127980599330096
1,0.5137827127496959
1,0.5127980599330096
0,0.5127980599330096
1,0.5112555900135051
0,0.5058637420033414
0,0.5127980599330096
0,0.5127980599330096
1,0.5137827127496959
0,0.5058637420033414
0,0.5157961443814388
1,0.5137827127496959
0,0.5058637420033414
1,0.5157961443814388
1,0.5127980599330096
1,0.5157961443814388
0,0.5137827127496959
1,0.5058637420033414
1,0.5127980599330096
0,0.5157961443814388
1,0.5157961443814388
0,0.5112555900135051
1,0.5137827127496959
1,0.5137827127496959
1,0.5127980599330096
0,0.5058637420033414
0,0.5112555900135051
1,0.5137827127496959
0,0.5137827127496959
0,0.5137827127496959
1,0.5058637420033414
1,0.5058637420033414
0,0.5157961443814388
1,0.5157961443814388
0,0.5137827127496959
1,0.5137827127496959
1,0.5127980599330096
1,0.5127980599330096
0,0.5127980599330096
1,0.5112555900135051
1,0.5112555900135051
0,0.5112555900135051
1,0.5058637420033414
0,0.5112555900135051
0,0.5112555900135051
0,0.5137827127496959
1,0.5157961443814388
1,0.5127980599330096
0,0.5058637420033414
1,0.5157961443814388
0,0.5127980599330096
1,0.5157961443814388
0,0.5058637420033414
1,0.5127980599330096
0,0.5112555900135051
1,0.5112555900135051
1,0.5058637420033414
1,0.5127980599330096
1,0.5127980599330096
0,0.5112555900135051
1,0.5127980599330096
0,0.5058637420033414
1,0.5157961443814388
0,0.5137827127496959
1,0.5058637420033414
0,0.5157961443814388
1,0.5127980599330096
0,0.5127980599330096
1,0.5112555900135051
0,0.5058637420033414
0,0.5137827127496959
0,0.5127980599330096
1,0.5137827127496959
0,0.5127980599330096
1,0.5112555900135051
0,0.5058637420033414
1,0.5112555900135051
0,0.5127980599330096
1,0.5137827127496959
1,0.5137827127496959
1,0.5157961443814388
1,0.5157961443814388
0,0.5157961443814388
1,0.5157961443814388
1,0.5112555900135051
0,0.5137827127496959
1,0.5058637420033414
0,0.5112555900135051
0,0.5058637420033414
1,0.5137827127496959
1,0.5112555900135051
0,0.5137827127496959
1,0.5112555900135051
0,0.5127980599330096
0,0.5157961443814388
0,0.5058637420033414
1,0.5137827127496959
1,0.5157961443814388
1,0.5127980599330096
1,0.5112555900135051
1,0.5127980599330096
1,0.5127980599330096
1,0.5058637420033414
1,0.5112555900135051
0,0.5127980599330096
0,0.5112555900135051
1,0.5112555900135051
0,0.5058637420033414
0,0.5157961443814388
0,0.5127980599330096
0,0.5137827127496959
0,0.5137827127496959
1,0.5127980599330096
1,0.5127980599330096
1,0.5058637420033414
1,0.5112555900135051
1,0.5157961443814388
1,0.5127980599330096
0,0.5127980599330096
1,0.5112555900135051
0,0.5157961443814388
0,0.5157961443814388
1,0.5137827127496959
0,0.5112555900135051
1,0.5112555900135051
1,0.5112555900135051
1,0.5058637420033414
1,0.5058637420033414
1,0.5112555900135051
0,0.5112555900135051
1,0.5112555900135051
0,0.5137827127496959
1,0.5137827127496959
1,0.5137827127496959
1,0.5058637420033414
0,0.5137827127496959
0,0.5137827127496959
1,0.5127980599330096
0,0.5137827127496959
1,0.5058637420033414
0,0.5157961443814388
1,0.5157961443814388
0,0.5058637420033414
0,0.5112555900135051
0,0.5058637420033414
1,0.5127980599330096
0,0.5137827127496959
0,0.5127980599330096
1,0.5058637420033414
0,0.5058637420033414
1,0.5112555900135051
0,0.5127980599330096
0,0.5137827127496959
1,0.5112555900135051
1,0.5058637420033414
0,0.5157961443814388
0,0.5112555900135051
1,0.5112555900135051
0,0.5127980599330096
0,0.5112555900135051
0,0.5157961443814388
1,0.5137827127496959
0,0.5058637420033414
1,0.5112555900135051
1,0.5127980599330096
1,0.5058637420033414
1,0.5112555900135051
0,0.5127980599330096
0,0.5058637420033414
0,0.5137827127496959
1,0.5157961443814388
0,0.5137827127496959
1,0.5157961443814388
1,0.5137827127496959
0,0.5127980599330096
0,0.5112555900135051
1,0.5058637420033414
0,0.5137827127496959
1,0.5137827127496959
1,0.5137827127496959
1,0.5112555900135051
0,0.5058637420033414
1,0.5112555900135051
1,0.5058637420033414
0,0.5127980599330096
1,0.5112555900135051
0,0.5137827127496959
1,0.5058637420033414
1,0.5137827127496959
1,0.5112555900135051
1,0.5157961443814388
0,0.5137827127496959
0,0.5112555900135051
1,0.5058637420033414
0,0.5137827127496959
0,0.5127980599330096
0,0.5137827127496959
0,0.5058637420033414
1,0.5157961443814388
1,0.5112555900135051
0,0.5112555900135051
1,0.5137827127496959
0,0.5157961443814388
0,0.5058637420033414
1,0.5112555900135051
1,0.5157961443814388
1,0.5058637420033414
1,0.5127980599330096
0,0.5157961443814388
0,0.5112555900135051
0,0.5157961443814388
1,0.5157961443814388
1,0.5157961443814388
1,0.5137827127496959
1,0.5157961443814388
0,0.5127980599330096
1,0.5112555900135051
0,0.5058637420033414
1,0.5157961443814388
0,0.5137827127496959
0,0.5137827127496959
1,0.5127980599330096
0,0.5058637420033414
0,0.5058637420033414
1,0.5137827127496959
1,0.5058637420033414
0,0.5157961443814388
0,0.5137827127496959
1,0.5157961443814388
0,0.5157961443814388
1,0.5127980599330096
0,0.5058637420033414
1,0.5127980599330096
1,0.5112555900135051
0,0.5127980599330096
0,0.5137827127496959
1,0.5127980599330096
1,0.5157961443814388
1,0.5137827127496959
1,0.5157961443814388
0,0.5058637420033414
0,0.5137827127496959
1,0.5157961443814388
0,0.5157961443814388
0,0.5058637420033414
1,0.5157961443814388
0,0.5058637420033414
1,0.5058637420033414
1,0.5058637420033414
1,0.5137827127496959
1,0.5058637420033414
1,0.5137827127496959
1,0.5157961443814388
1,0.5127980599330096
1,0.5058637420033414
0,0.5112555900135051
1,0.5058637420033414
0,0.5137827127496959
1,0.5058637420033414
1,0.5058637420033414
0,0.5112555900135051
1,0.5127980599330096
1,0.5137827127496959
1,0.5058637420033414
1,0.5058637420033414
1,0.5137827127496959
0,0.5137827127496959
1,0.5157961443814388
1,0.5058637420033414
0,0.5137827127496959
1,0.5157961443814388
1,0.5058637420033414
1,0.5127980599330096
1,0.5127980599330096
0,0.5112555900135051
1,0.5112555900135051
1,0.5157961443814388
1,0.5112555900135051
1,0.5137827127496959
0,0.5112555900135051
1,0.5127980599330096
1,0.5058637420033414
0,0.5112555900135051
1,0.5058637420033414
0,0.5137827127496959
0,0.5137827127496959
1,0.5058637420033414
0,0.5137827127496959
0,0.5137827127496959
0,0.5127980599330096
0,0.5157961443814388
1,0.5112555900135051
0,0.5127980599330096
1,0.5058637420033414
1,0.5157961443814388
1,0.5058637420033414
0,0.5137827127496959
0,0.5112555900135051
1,0.5112555900135051
1,0.5127980599330096
0,0.5137827127496959
1,0.5112555900135051
0,0.5157961443814388
0,0.5127980599330096
1,0.5157961443814388
0,0.5058637420033414
0,0.5058637420033414
1,0.5127980599330096
1,0.5112555900135051
1,0.5058637420033414
1,0.5112555900135051
1,0.5127980599330096
0,0.5157961443814388
0,0.5127980599330096
1,0.5137827127496959
1,0.5058637420033414
1,0.5157961443814388
1,0.5058637420033414
1,0.5157961443814388
1,0.5058637420033414
1,0.5127980599330096
1,0.5127980599330096
0,0.5058637420033414
1,0.5157961443814388
1,0.5058637420033414
0,0.5112555900135051
1,0.5058637420033414
1,0.5127980599330096
1,0.5137827127496959
0,0.5157961443814388
0,0.5112555900135051
0,0.5157961443814388
1,0.5058637420033414
1,0.5112555900135051
1,0.5058637420033414
0,0.5137827127496959
0,0.5137827127496959
0,0.5058637420033414
1,0.5112555900135051
1,0.5127980599330096
1,0.5112555900135051
1,0.5137827127496959
1,0.5127980599330096
0,0.5112555900135051
1,0.5112555900135051
0,0.5157961443814388
0,0.5157961443814388
0,0.5112555900135051
1,0.5157961443814388
0,0.5127980599330096
0,0.5127980599330096
1,0.5137827127496959
1,0.5058637420033414
1,0.5127980599330096
0,0.5157961443814388
0,0.5058637420033414
1,0.5058637420033414
0,0.5058637420033414
0,0.5137827127496959
1,0.5058637420033414
1,0.5058637420033414
0,0.5112555900135051
1,0.5137827127496959
0,0.5127980599330096
0,0.5127980599330096
1,0.5137827127496959
1,0.5058637420033414
0,0.5112555900135051
1,0.5157961443814388
0,0.5157961443814388
0,0.5112555900135051
1,0.5137827127496959
1,0.5058637420033414
0,0.5058637420033414
0,0.5127980599330096
0,0.5112555900135051
1,0.5127980599330096
1,0.5137827127496959
0,0.5137827127496959
0,0.5137827127496959
1,0.5112555900135051
1,0.5137827127496959
1,0.5058637420033414
0,0.5112555900135051
0,0.5112555900135051
0,0.5127980599330096
1,0.5112555900135051
1,0.5127980599330096
0,0.5137827127496959
1,0.5127980599330096
0,0.5137827127496959
0,0.5157961443814388
1,0.5112555900135051
1,0.5112555900135051
0,0.5058637420033414
0,0.5058637420033414
1,0.5137827127496959
1,0.5157961443814388
1,0.5127980599330096
0,0.5127980599330096
1,0.5058637420033414
0,0.5137827127496959
0,0.5157961443814388
0,0.5127980599330096
1,0.5058637420033414
0,0.5127980599330096
1,0.5137827127496959
1,0.5112555900135051
