target,prediction
1,0.5747457161457454
1,0.5214927970090542
1,0.5232210653224934
1,0.5170315824523724
1,0.5232038725164974
1,0.5515414469512083
0,0.5170315824523724
0,0.5027448867365121
0,0.525757469613488
0,0.5172927581213997
0,0.5448388340351158
1,0.49593955841145465
1,0.5170315824523724
1,0.5292249414448915
0,0.5003943201200167
1,0.5157573145420935
0,0.5220747434536605
1,0.5157573145420935
0,0.5170315824523724
0,0.5981078456163739
1,0.5204491190660506
0,0.5292249414448915
1,0.5170315824523724
1,0.514762337593916
0,0.5157573145420935
1,0.49086599891160826
0,0.5769750244580419
1,0.5275340672863549
0,0.5350649667483541
0,0.5003943201200167
0,0.5308468913238507
1,0.5800182195994007
1,0.5297791877453158
1,0.426412495054102
1,0.512866761034926
1,0.5140832197669427
0,0.5107979242051485
0,0.509398083428356
1,0.5157573145420935
0,0.5157573145420935
0,0.512866761034926
0,0.512866761034926
1,0.541154670264253
0,0.5232484577365086
0,0.5157573145420935
1,0.5292249414448915
1,0.5170315824523724
1,0.5170315824523724
1,0.5170315824523724
0,0.5157573145420935
1,0.5170315824523724
0,0.5157573145420935
1,0.5204491190660506
1,0.5157573145420935
0,0.4853645401194043
1,0.538930686144179
0,0.5631166429842979
1,0.5204491190660506
1,0.5090434371761063
0,0.4853645401194043
0,0.5304732148950747
1,0.5857900040321304
1,0.5258699908794315
1,0.5440507793846294
0,0.5297791877453158
1,0.5232210653224934
0,0.42040282256086475
0,0.5170315824523724
0,0.5148741372799174
1,0.5170315824523724
1,0.5560095651394122
0,0.4665786127292707
0,0.5170315824523724
1,0.5138037335614977
1,0.4853645401194043
1,0.4853645401194043
0,0.5170315824523724
1,0.5163236553727699
1,0.509390230228886
0,0.5097665198816578
0,0.4816167499527723
1,0.5009977048755312
0,0.43676421720264963
0,0.5009977048755312
0,0.5009977048755312
1,0.5273404651556411
0,0.4853645401194043
0,0.3167162624406552
1,0.4758301715063329
0,0.4816167499527723
1,0.4216484231072875
0,0.4665786127292707
0,0.5163236553727699
0,0.5728020939157966
1,0.5308459306685097
0,0.511453434103387
1,0.5076798963814741
1,0.5157573145420935
0,0.4853645401194043
0,0.5157573145420935
1,0.5161610111549132
1,0.5170315824523724
0,0.5009977048755312
1,0.4853645401194043
0,0.5009977048755312
1,0.5009977048755312
0,0.5163236553727699
0,0.5560095651394122
0,0.5170315824523724
1,0.5157573145420935
0,0.5631166429842979
0,0.5204491190660506
0,0.4903129378133717
1,0.5157573145420935
1,0.5157573145420935
0,0.5254082322059972
1,0.5185551342641643
0,0.5309164054577192
0,0.541154670264253
0,0.541154670264253
0,0.5185551342641643
0,0.5352957311165529
1,0.5170315824523724
0,0.5025756162648548
0,0.5189686069384088
1,0.5204491190660506
0,0.582727635299483
1,0.5325373818284904
1,0.541404181086363
0,0.5504410720805263
1,0.425442561528839
1,0.5032442843697599
0,0.5581726227934176
1,0.612530149164768
0,0.5981078456163739
1,0.49944730025947
0,0.5581726227934176
1,0.5606592175456524
0,0.5606592175456524
1,0.49944730025947
1,0.5170315824523724
0,0.5170315824523724
0,0.5170315824523724
0,0.5297791877453158
1,0.5140295937693817
0,0.57754367924617
1,0.49314746718768215
0,0.5077886094117273
1,0.5170315824523724
1,0.5161610111549132
0,0.5831549234783281
1,0.5157573145420935
1,0.602167248725344
1,0.5170315824523724
0,0.5232484577365086
1,0.5370706797051364
0,0.5566385044792824
1,0.5131383549329976
1,0.3956058447352917
0,0.48907895445776695
0,0.5516881877478452
1,0.5161610111549132
0,0.5615900124969029
0,0.5172927581213997
1,0.545392215399287
0,0.5313096036137936
1,0.5170315824523724
0,0.5170315824523724
1,0.5439373867662789
0,0.5157573145420935
0,0.612530149164768
1,0.5220747434536605
0,0.4415105215843022
1,0.5157573145420935
0,0.5719598183510096
1,0.49468793023382274
1,0.552086178443615
1,0.5157573145420935
0,0.5157573145420935
0,0.5170315824523724
1,0.5309278237184559
1,0.5157573145420935
0,0.5719598183510096
1,0.5170315824523724
1,0.5170315824523724
1,0.5170315824523724
1,0.5439373867662789
1,0.5184127590126836
1,0.5232484577365086
1,0.5566385044792824
1,0.5566385044792824
1,0.5157573145420935
1,0.5062334898096418
0,0.5232210653224934
0,0.5595002635756774
1,0.5025756162648548
0,0.5170315824523724
0,0.543023909592531
0,0.543023909592531
1,0.49468793023382274
0,0.5421280491335059
0,0.5161610111549132
1,0.5267127240369718
0,0.4767601595908157
1,0.5172927581213997
0,0.48907895445776695
0,0.5722918562473808
1,0.5554844537753678
0,0.5059303581240919
0,0.5232210653224934
1,0.5313096036137936
0,0.5178934459339961
0,0.4983607584523995
0,0.5195694594115612
1,0.5195694594115612
0,0.5612704944001209
1,0.534680169261435
0,0.5248013268467666
0,0.42064563731150506
0,0.498420807700937
1,0.5267976761988161
1,0.5469148523566518
0,0.542085177276882
0,0.5483868048030606
0,0.498420807700937
0,0.6056888220885686
1,0.5642477817196784
1,0.5642477817196784
0,0.498420807700937
0,0.5573498550149608
0,0.5459229730439633
1,0.5642174290821323
1,0.5459229730439633
1,0.5886781291993176
1,0.5193810642617548
1,0.5225886123863259
0,0.4741351928277168
0,0.332039472536452
0,0.5078074600353268
0,0.5121864171426826
1,0.5119940440144587
0,0.5278947262910109
1,0.5078074600353268
1,0.5781161176086299
0,0.5048173841687
0,0.5179637998064316
0,0.5175818231982088
1,0.5573498550149608
0,0.5267127240369718
0,0.5121864171426826
1,0.52352959521935
0,0.5157573145420935
0,0.511799883140845
0,0.47696666422371947
0,0.48619373824758094
1,0.5311155661656899
0,0.5112034622526619
1,0.4946561944913957
0,0.5278947262910109
0,0.5495791123992735
1,0.4388927850580761
1,0.5106942467401536
1,0.4580112830054252
0,0.4846361864992893
0,0.43689615445309826
0,0.5120893232786543
1,0.5544124726913441
0,0.565033219944143
1,0.611519453337345
0,0.5566531521650598
1,0.611519453337345
0,0.5889811316760136
1,0.5599482061742433
0,0.4949976666090251
1,0.5111856532762417
0,0.536864506103635
1,0.5059303581240919
1,0.5278947262910109
0,0.5267976761988161
1,0.5433401684981689
1,0.5111856532762417
0,0.5687090086337605
1,0.5267976761988161
0,0.5295487283418502
0,0.5059303581240919
0,0.4378915955819062
1,0.536864506103635
1,0.5495791123992735
0,0.5248013268467666
1,0.5697787187908874
0,0.5071817812424294
0,0.5106297851194531
0,0.4547229489358029
1,0.5278947262910109
1,0.4741351928277168
0,0.38892004125931057
0,0.47283028716369796
0,0.5182727361698917
0,0.522690578822004
1,0.5090531622917422
0,0.4741351928277168
0,0.5078074600353268
0,0.446119580511852
1,0.5573498550149608
0,0.5755253349892819
1,0.5175818231982088
1,0.5199527242822006
0,0.5121864171426826
0,0.5262980553162662
1,0.5014089920227173
0,0.5335110196138504
0,0.5306612847409565
1,0.5398015952173859
0,0.48893046842785753
0,0.43689615445309826
1,0.536864506103635
1,0.557625115409345
1,0.48049687070050245
1,0.40840789019754353
0,0.53569159761959
0,0.5182727361698917
0,0.5321887971819632
0,0.6030966094425356
1,0.504576577518797
1,0.5116961990128254
0,0.5278947262910109
0,0.6496610583231741
1,0.633156193936624
0,0.4328371758874355
1,0.5781161176086299
1,0.5078074600353268
1,0.4320975528652206
0,0.39180631013203404
1,0.5225886123863259
0,0.35909270607060584
1,0.5095444243175903
0,0.4660429363538139
0,0.4686790869173067
0,0.5057515769608515
0,0.5024485561150378
1,0.5573498550149608
0,0.36834772857202525
0,0.4099968858942647
1,0.6102406238762836
0,0.5057515769608515
1,0.3964626295746295
0,0.5334826664951291
0,0.5334826664951291
1,0.5291768159054125
1,0.31022930500913143
0,0.5187772966641466
0,0.5303645656679372
0,0.29277497322516594
1,0.4671198690014559
0,0.48018883346289903
1,0.5297791877453158
0,0.47283028716369796
1,0.5021313156863216
1,0.5284192615516603
0,0.5345804299015902
1,0.46084433860909013
0,0.4869657189095467
0,0.5667721732579035
0,0.49846488191487603
0,0.43689615445309826
0,0.5170315824523724
1,0.5157573145420935
0,0.5241944547807488
1,0.48573940296686696
0,0.4118022242865997
0,0.5057515769608515
1,0.44469109253254197
0,0.5297791877453158
0,0.5267127240369718
0,0.4534524146467955
0,0.5631917448108399
0,0.5157573145420935
0,0.5709060949767292
1,0.6864492707769626
1,0.5059303581240919
0,0.5036789356700676
1,0.5321887971819632
0,0.4741351928277168
1,0.5172927581213997
0,0.433587676174933
0,0.5057515769608515
1,0.5179637998064316
1,0.5179637998064316
0,0.53569159761959
1,0.5491119218055119
0,0.4955564206605024
0,0.5172927581213997
1,0.5179637998064316
1,0.48976649006424694
0,0.43151412253774496
1,0.4189386247956518
0,0.5126975578158586
0,0.5172927581213997
1,0.4322759446013067
0,0.48018883346289903
1,0.5068299151773229
0,0.49231780102019695
0,0.5204491190660506
0,0.5148388786780812
1,0.5293772308565189
0,0.48018883346289903
1,0.504576577518797
1,0.5095444243175903
1,0.5181352069891092
0,0.47283028716369796
1,0.42873165351214465
0,0.5314582244385165
0,0.42144684957150436
1,0.5737856729279962
0,0.48446987252806056
0,0.577302964132133
0,0.43689615445309826
1,0.4740017813700127
1,0.47739412073944304
0,0.52352959521935
0,0.52352959521935
1,0.48342600315957274
1,0.5113992259439708
0,0.5179637998064316
0,0.5179637998064316
1,0.5421280491335059
0,0.45341450048341075
1,0.5392091990411628
0,0.5241714485177966
1,0.5179637998064316
0,0.5157573145420935
0,0.5336363684287058
1,0.5215207255305718
0,0.5085481134934311
1,0.52352959521935
0,0.4877768285905576
1,0.5214050090552946
0,0.52352959521935
1,0.5233811215435251
1,0.5085481134934311
0,0.52352959521935
0,0.5268351910636153
0,0.52352959521935
1,0.5014089920227173
0,0.5004790886931811
1,0.43689615445309826
0,0.5236308900629558
0,0.5004790886931811
1,0.5048612201684076
0,0.5338977750997913
0,0.5194810510986531
1,0.5377036722598842
0,0.52352959521935
1,0.4439077167931799
1,0.4439077167931799
0,0.5133664552108129
0,0.5194810510986531
1,0.4718257287242819
0,0.5111856532762417
1,0.4949976666090251
0,0.5004790886931811
0,0.5120893232786543
1,0.546412862588736
1,0.550332595161478
1,0.5111856532762417
0,0.5111856532762417
1,0.4113277442795933
1,0.5220037555431772
1,0.40599104334247343
0,0.5067353714245799
1,0.5111856532762417
0,0.5120893232786543
1,0.5113992259439708
1,0.4954173096903574
1,0.5142013630475853
0,0.5194810510986531
1,0.5291059946823629
1,0.5059303581240919
0,0.5234147330733278
0,0.5085481134934311
0,0.50835922900537
0,0.5111856532762417
1,0.4918873914349162
0,0.5236308900629558
1,0.52352959521935
1,0.5120893232786543
1,0.5035737558799579
0,0.504576577518797
0,0.5057515769608515
1,0.5359553468377704
1,0.4500161948734263
1,0.511799883140845
0,0.511799883140845
0,0.5179637998064316
1,0.4874406248083709
0,0.43689615445309826
1,0.5085481134934311
1,0.5157573145420935
1,0.5124214994111764
0,0.3783907077510412
0,0.44731557885847756
0,0.6030966094425356
1,0.5179637998064316
0,0.5121864171426826
1,0.4934866153598993
1,0.5057515769608515
0,0.5297791877453158
0,0.5078074600353268
0,0.515210577854583
0,0.49928148925653476
0,0.5232336853013607
0,0.5324407864872454
0,0.5207870795879167
1,0.5157573145420935
1,0.548286545223438
1,0.5157573145420935
0,0.5334826664951291
1,0.5205086602795921
1,0.5228549925127657
1,0.6040015748428764
1,0.4882953968185783
1,0.517304832167642
0,0.4863927051573102
1,0.5974274295001345
1,0.5236044989788415
1,0.5579998038016082
0,0.4944588171563036
0,0.5208109568416037
0,0.5095444243175903
0,0.5172927581213997
0,0.5126975578158586
1,0.5078074600353268
1,0.5126975578158586
0,0.5078074600353268
1,0.4669371130999488
0,0.5595376087178954
0,0.38146874188028906
1,0.48018883346289903
1,0.5126975578158586
1,0.5172927581213997
1,0.4426580555769884
0,0.4937767797864084
1,0.5525067584653073
1,0.517156243748972
0,0.5297791877453158
1,0.418666693117188
1,0.5206395678843274
0,0.5232210653224934
0,0.5297791877453158
0,0.3325282937485322
1,0.3737820480312884
0,0.3971336964685599
1,0.5170315824523724
0,0.5203876818975912
0,0.5157573145420935
0,0.3943658409906088
1,0.5057515769608515
0,0.4449338195919022
1,0.47686749468517653
1,0.5267127240369718
0,0.5049075461974618
0,0.5232210653224934
0,0.549528793239004
1,0.5248013268467666
1,0.5232210653224934
0,0.45333271277331233
1,0.5157573145420935
1,0.5157573145420935
1,0.5170315824523724
1,0.5021393716033349
0,0.460700156585972
0,0.4411927565941053
0,0.48446608637760824
1,0.49369063279611647
0,0.5157573145420935
1,0.39902890098408067
1,0.3658092463405192
0,0.44948875439102537
0,0.5314582244385165
0,0.5059303581240919
1,0.5157573145420935
1,0.5157573145420935
1,0.5239375091768427
1,0.5170315824523724
0,0.45421906149962327
0,0.4719140686608865
1,0.5170315824523724
0,0.45305839132325193
0,0.4448801646161937
0,0.42416873736495236
1,0.4293686195062619
1,0.4831450008473697
1,0.5057515769608515
0,0.39228341202529754
1,0.5157573145420935
1,0.5284132437270151
0,0.39180631013203404
0,0.49430000512030414
0,0.5121405527556638
0,0.5157573145420935
0,0.3819263515877655
1,0.5170315824523724
0,0.5061750096581773
1,0.5421280491335059
1,0.5157573145420935
0,0.5157573145420935
0,0.5120750071282352
0,0.5611489827178231
0,0.5170315824523724
0,0.49928148925653476
1,0.49928148925653476
0,0.5057515769608515
0,0.45792344585701256
1,0.5134610450170315
1,0.5719024490008318
0,0.5284132437270151
0,0.5232210653224934
0,0.5144763700154802
0,0.42807676482538287
0,0.42807676482538287
1,0.3983359624380046
1,0.5157573145420935
0,0.4918413542751786
0,0.41981581762242026
0,0.5157573145420935
1,0.5157573145420935
0,0.524387356619478
0,0.43689615445309826
0,0.5157573145420935
0,0.48018883346289903
0,0.5007546220592193
0,0.4977346147493997
1,0.5095444243175903
0,0.46899212971131443
0,0.5057515769608515
0,0.5315382711332725
1,0.5030259703138547
1,0.3864016968991767
0,0.4334785480196367
0,0.5057515769608515
0,0.550825781995651
0,0.5182727361698917
1,0.52352959521935
0,0.559118702563914
0,0.5117695678232007
1,0.5311155661656899
1,0.4691783194459647
0,0.5315225672439017
0,0.52352959521935
1,0.5338977750997913
1,0.48898704158908074
0,0.5120893232786543
0,0.5024213063911444
0,0.5120893232786543
1,0.5048612201684076
0,0.52352959521935
1,0.5194810510986531
0,0.4692906182198988
0,0.49987676770956035
0,0.5624390814690193
0,0.5432566828838628
0,0.5111856532762417
0,0.5111856532762417
1,0.5081567585111552
0,0.5116961990128254
0,0.5291059946823629
1,0.565033219944143
1,0.5018244568807023
0,0.43689615445309826
0,0.4846361864992893
0,0.5126728547798146
0,0.4875199729304868
1,0.5738126783515991
1,0.5320069937654507
1,0.4949976666090251
0,0.4709546406104368
0,0.5120893232786543
0,0.480408791398929
1,0.49016709587772217
1,0.5111856532762417
1,0.5690505078850076
1,0.5111856532762417
0,0.500771453433625
1,0.5120893232786543
0,0.5278179452740734
0,0.5111856532762417
0,0.4244533819660476
0,0.5111856532762417
0,0.5287644349913231
0,0.5693949011136216
1,0.4509349326435012
0,0.5120893232786543
1,0.5320069937654507
0,0.4694153512840693
1,0.5567337842286267
0,0.45651358214681154
0,0.5120893232786543
0,0.6227777373064394
0,0.5435060214847046
1,0.5320069937654507
1,0.5882179464018815
1,0.5320069937654507
1,0.5111856532762417
0,0.5172927581213997
1,0.42102700824893435
0,0.4333764880378215
0,0.5111856532762417
1,0.5247123071693236
0,0.5120893232786543
1,0.47039095299766726
0,0.5084305403183516
1,0.5111856532762417
0,0.565033219944143
1,0.5395401527535739
0,0.5447512815045653
0,0.5046788606925235
0,0.63010220205574
0,0.5237388907685594
1,0.56878868811343
1,0.6132964830140581
1,0.5338321311965315
1,0.5120893232786543
0,0.504576577518797
0,0.558900671538516
1,0.5199186927233085
1,0.6128805838000914
1,0.5046788606925235
1,0.5084305403183516
0,0.5120893232786543
1,0.47288333450191194
1,0.5331748627123114
0,0.5111856532762417
1,0.5120893232786543
1,0.5111856532762417
1,0.5331748627123114
1,0.5410413789141244
1,0.5194810510986531
1,0.446844501970379
0,0.5120893232786543
0,0.43689615445309826
0,0.5120893232786543
1,0.4532932372713966
0,0.4372782798732828
1,0.5120893232786543
0,0.5111856532762417
0,0.40591232079439865
0,0.489113591134906
1,0.4607372718986225
1,0.4789706112930838
0,0.5111856532762417
0,0.4828436979453372
0,0.5120893232786543
1,0.500771453433625
0,0.5331748627123114
0,0.5111856532762417
0,0.5135489174038995
0,0.5111856532762417
0,0.5111856532762417
1,0.5111856532762417
0,0.4709546406104368
1,0.5120893232786543
1,0.47879200941564853
0,0.5023210946040103
0,0.4764383483846532
1,0.486564104294755
1,0.5129288239395027
0,0.44830304690301837
0,0.4485348500504797
0,0.5362742581360384
1,0.611519453337345
0,0.5362742581360384
1,0.43027658965576104
0,0.5111856532762417
1,0.5743531316440159
1,0.5362742581360384
1,0.5362742581360384
1,0.4410613743064446
0,0.432920575872164
0,0.5135489174038995
0,0.4949976666090251
1,0.5120893232786543
1,0.4752868120823122
0,0.4925001140915204
0,0.4712766130497692
0,0.4925001140915204
1,0.504576577518797
0,0.5226233551021376
0,0.5085067143899232
0,0.5738126783515991
1,0.5245693145407228
0,0.565033219944143
1,0.5245693145407228
1,0.5778808060066014
0,0.47764359963109115
0,0.422502606585955
1,0.5111856532762417
1,0.5690505078850076
0,0.558900671538516
0,0.5280210856848969
0,0.558900671538516
0,0.47288333450191194
1,0.5640895492880267
0,0.47288333450191194
1,0.47288333450191194
1,0.5600101727075493
1,0.5803040425998046
1,0.5111856532762417
0,0.46506137137790676
0,0.5111856532762417
1,0.5710194806163956
0,0.5111856532762417
1,0.5046788606925235
0,0.5039201730299925
1,0.4752868120823122
1,0.4925001140915204
0,0.5120893232786543
0,0.4925001140915204
1,0.4342258819290693
0,0.486564104294755
0,0.46969445871174537
0,0.486564104294755
0,0.46000083926107965
0,0.5362742581360384
1,0.5362742581360384
1,0.5111856532762417
1,0.410469653726017
0,0.5111856532762417
0,0.4493713951461635
0,0.5111856532762417
1,0.5111856532762417
0,0.5320069937654507
1,0.5111856532762417
0,0.4855589004507946
1,0.4456785086069697
1,0.5111856532762417
0,0.5120893232786543
1,0.5120893232786543
1,0.5120893232786543
0,0.4414193506178443
0,0.46756088152702835
1,0.40658115561051816
0,0.5120893232786543
0,0.4819764281349764
1,0.5111856532762417
0,0.40658115561051816
1,0.5199186927233085
0,0.5309668899138243
0,0.6132964830140581
0,0.56878868811343
1,0.56878868811343
1,0.5245693145407228
1,0.5046788606925235
0,0.5245693145407228
0,0.71136407956062
1,0.5539487295113307
1,0.56878868811343
1,0.5338321311965315
1,0.576627012422104
1,0.676164555163657
1,0.5111856532762417
1,0.6529821509082586
1,0.5255564719695098
1,0.5255564719695098
1,0.5248013268467666
1,0.5798598142208115
1,0.5219399610424974
0,0.5654219337780639
1,0.5227051605084673
1,0.5004790886931811
0,0.43689615445309826
0,0.5276566935249914
1,0.5267127240369718
1,0.5172927581213997
1,0.5088223902274313
1,0.5120893232786543
0,0.5056880497627565
0,0.5014089920227173
0,0.5014089920227173
0,0.5015674662323057
0,0.52352959521935
1,0.5690505078850076
1,0.5004790886931811
0,0.5517125873185214
0,0.5048612201684076
1,0.5120893232786543
1,0.52352959521935
1,0.5120893232786543
0,0.5048612201684076
1,0.5120893232786543
0,0.5048612201684076
1,0.5120893232786543
1,0.509723512133726
1,0.4581624763050839
0,0.48018883346289903
0,0.47462776357821435
1,0.5402515320017973
1,0.5078074600353268
0,0.5157573145420935
1,0.4310610866551755
1,0.4597835323142559
1,0.5268351910636153
0,0.5035737558799579
1,0.5994331668049593
1,0.5179637998064316
0,0.48183491643848886
0,0.5988940286413234
1,0.511799883140845
1,0.5424725480084989
0,0.5422461164521204
1,0.511799883140845
1,0.518332323504125
0,0.446119580511852
0,0.5182727361698917
1,0.5157573145420935
0,0.4934866153598993
0,0.5157573145420935
1,0.5157573145420935
0,0.4887247020677389
0,0.44536779091232587
0,0.5479799439874349
1,0.5032113109800567
0,0.535103943629144
1,0.5157573145420935
0,0.5003956582400679
0,0.5377238368519647
1,0.5157573145420935
0,0.5179637998064316
1,0.5517655398335208
1,0.5883188201241423
1,0.5157573145420935
0,0.5157573145420935
0,0.5157573145420935
1,0.5421280491335059
0,0.5179637998064316
1,0.6089927743135747
1,0.4469482248336508
0,0.5179637998064316
0,0.5179637998064316
1,0.5994331668049593
1,0.5157573145420935
1,0.5172336802550597
1,0.5179637998064316
1,0.5000696430427524
1,0.4941812920485456
0,0.5316113942973832
0,0.5170315824523724
1,0.49928148925653476
0,0.5157573145420935
0,0.4989697508083085
1,0.5232336853013607
1,0.4897111793456883
0,0.49928148925653476
1,0.5157573145420935
0,0.5316113942973832
1,0.515210577854583
0,0.5550218389957094
0,0.4989697508083085
1,0.5232336853013607
0,0.5239375091768427
0,0.5074586273963994
1,0.5215974092782136
1,0.42320723728093873
0,0.5057515769608515
1,0.5498782703575951
0,0.5676780849302
1,0.5269395044141204
1,0.4833714739448088
1,0.5305630658877094
0,0.4380065144703767
1,0.5199981185459402
1,0.5133136090029353
1,0.5201947932176034
1,0.4863927051573102
1,0.4934478893671564
0,0.5314582244385165
0,0.5297791877453158
1,0.5352567622238714
0,0.49928148925653476
0,0.5003038440880389
1,0.4638910024136595
0,0.5170315824523724
0,0.5234537413011164
1,0.4729373981020285
0,0.5250090641952316
0,0.5157573145420935
0,0.5074746960009874
1,0.5170315824523724
0,0.5170315824523724
1,0.5000696430427524
1,0.5057515769608515
0,0.5057515769608515
0,0.4428590436337157
0,0.5232336853013607
1,0.4942321966091034
1,0.4863927051573102
0,0.515210577854583
0,0.515210577854583
0,0.5157573145420935
1,0.5344222752678097
0,0.5057515769608515
0,0.6153988355300134
1,0.6030966094425356
0,0.446119580511852
1,0.5334826664951291
1,0.5157573145420935
1,0.5421264772438821
0,0.4320975528652206
0,0.5179637998064316
1,0.49146228997823316
0,0.512908023890221
1,0.5172336802550597
0,0.5157573145420935
0,0.5362243219377966
1,0.5291898800862337
0,0.5172336802550597
0,0.5172336802550597
0,0.5057515769608515
0,0.5057515769608515
1,0.5179637998064316
0,0.46438077913057724
1,0.6111354510021952
0,0.5078074600353268
1,0.5179637998064316
1,0.5157573145420935
1,0.6360416601719762
1,0.5003956582400679
1,0.5157573145420935
0,0.5172336802550597
1,0.5157573145420935
0,0.504576577518797
1,0.5193329366359323
1,0.5133037164683482
0,0.5297791877453158
1,0.5208109568416037
1,0.4656076958704694
1,0.5297791877453158
0,0.39180631013203404
0,0.498420807700937
1,0.5059303581240919
0,0.4653772364067128
0,0.4977346147493997
1,0.49928148925653476
1,0.515210577854583
1,0.5157573145420935
0,0.5552677766081711
1,0.49928148925653476
0,0.5157573145420935
0,0.4989697508083085
0,0.5664794814477389
0,0.5232336853013607
1,0.5236515023098177
1,0.43689615445309826
0,0.5157573145420935
1,0.4989697508083085
1,0.515210577854583
0,0.5057515769608515
0,0.4440546995817135
1,0.49780373760865665
1,0.4706691514784959
0,0.4989697508083085
0,0.5635778433797871
0,0.4863927051573102
1,0.4145027045831446
1,0.515210577854583
1,0.49191722370452623
1,0.5000696430427524
1,0.5115003963501242
0,0.5172927581213997
1,0.5000696430427524
1,0.4934453328315407
1,0.46621565133639686
0,0.39180631013203404
1,0.5177984191184997
1,0.5297791877453158
0,0.4512652954098795
1,0.5201708904434383
0,0.5234820992235614
0,0.5314582244385165
1,0.5498456049820232
0,0.5234820992235614
1,0.5232210653224934
0,0.5057515769608515
0,0.504576577518797
1,0.5428204734047338
1,0.5057515769608515
1,0.5297791877453158
1,0.5428204734047338
1,0.5345804299015902
0,0.5264911599254993
1,0.5264911599254993
1,0.5428204734047338
1,0.49908096073183694
0,0.5169013089443911
0,0.5392611965604026
1,0.5170315824523724
1,0.5157573145420935
0,0.5202574197715564
0,0.5167563767605402
1,0.5314582244385165
0,0.4419219149996638
0,0.5345209426750153
0,0.5297791877453158
0,0.42107036921052343
1,0.5057515769608515
0,0.48018883346289903
0,0.5708737384135593
0,0.503970882661462
0,0.49908096073183694
1,0.503970882661462
0,0.5387646120401542
1,0.570661914964017
1,0.5232210653224934
1,0.49908096073183694
0,0.5170315824523724
1,0.5170315824523724
0,0.5026310911228028
1,0.5334375458351044
1,0.4869657189095467
0,0.5170315824523724
0,0.5170315824523724
0,0.5090301531946809
1,0.49908096073183694
0,0.49908096073183694
1,0.504576577518797
1,0.4206783068360389
1,0.49908096073183694
1,0.5170315824523724
1,0.5556993657090201
0,0.5170315824523724
0,0.49908096073183694
0,0.5170315824523724
1,0.4931427070365834
0,0.5491401410088013
1,0.49908096073183694
1,0.5057515769608515
1,0.5428204734047338
0,0.5169013089443911
1,0.5149280750342063
0,0.4934023298466748
1,0.49908096073183694
1,0.5387646120401542
1,0.5150304792101121
1,0.498748912422601
0,0.5285477088157795
1,0.504576577518797
1,0.5161610111549132
0,0.5324093477940521
1,0.5157573145420935
0,0.5161610111549132
1,0.5465794157509162
1,0.5314582244385165
0,0.5285477088157795
0,0.5519227729230006
0,0.5297791877453158
0,0.4571476429588754
0,0.503970882661462
0,0.5675549345963496
0,0.5170315824523724
1,0.5491401410088013
1,0.5232210653224934
1,0.5314582244385165
0,0.4852060943726129
0,0.5345209426750153
1,0.5519227729230006
0,0.45206420559801097
1,0.5170315824523724
0,0.43234985837155776
1,0.4934023298466748
1,0.504576577518797
0,0.5519227729230006
1,0.5675549345963496
0,0.5170315824523724
0,0.5170315824523724
0,0.5161610111549132
1,0.5675549345963496
0,0.49908096073183694
0,0.5157573145420935
1,0.5691239952734044
1,0.5232210653224934
0,0.5189918404247416
0,0.5170315824523724
1,0.49908096073183694
0,0.5090301531946809
1,0.5112268504765578
1,0.5172927581213997
0,0.5161610111549132
1,0.504576577518797
1,0.5170315824523724
1,0.5157573145420935
1,0.5286043402081984
1,0.5512662072817548
0,0.5492105175410995
0,0.5059303581240919
1,0.5157573145420935
1,0.49863506371893174
0,0.5519227729230006
0,0.5519227729230006
1,0.5675549345963496
1,0.5189918404247416
0,0.5232484577365086
1,0.5150035677699014
0,0.5512082207302763
0,0.5170315824523724
0,0.5189918404247416
1,0.5087660154188344
1,0.542518959295231
1,0.5519227729230006
1,0.5172927581213997
0,0.5286043402081984
1,0.5232484577365086
1,0.5161610111549132
1,0.5161610111549132
1,0.5161610111549132
1,0.4987505074160696
1,0.5619247425276526
0,0.5471115561287866
1,0.5297791877453158
1,0.5314582244385165
1,0.5108771764884349
0,0.5519227729230006
0,0.5232210653224934
0,0.5232210653224934
0,0.5170315824523724
1,0.5161610111549132
1,0.5071817812424294
1,0.5018149774546439
1,0.5313152826269373
0,0.5325710212316893
1,0.5248013268467666
1,0.5459905916250157
0,0.5297791877453158
1,0.5258294699020039
1,0.5601676710860707
1,0.5297791877453158
1,0.5055417838901326
1,0.5225886123863259
1,0.529955500520576
1,0.5421280491335059
1,0.5404768739697805
0,0.5525804070058495
1,0.5019426387181498
0,0.5225886123863259
0,0.5190569281769478
1,0.5284811045455091
1,0.5284811045455091
1,0.5284811045455091
0,0.5284811045455091
0,0.5284811045455091
0,0.5157573145420935
1,0.4977002569087157
0,0.5202784728280142
1,0.5314582244385165
0,0.5245678736124197
1,0.51593408077078
1,0.5594678152484336
1,0.5339776076044594
0,0.5297791877453158
1,0.5177984191184997
0,0.5600354167831458
0,0.55858379345055
1,0.5429716578071802
0,0.5315201997671136
1,0.5190569281769478
1,0.5403206964789073
1,0.6211783971258933
0,0.55858379345055
1,0.47443387743099075
0,0.5449273635543934
1,0.5267127240369718
0,0.4805578228696554
0,0.5600354167831458
1,0.5026529291409146
1,0.4955442984877012
1,0.5101973334020323
0,0.5232210653224934
1,0.5672791918323326
1,0.5880164430709843
1,0.5297791877453158
0,0.5232210653224934
0,0.5476432403953405
1,0.5720017278852413
1,0.49977806493297955
1,0.5587009754633332
1,0.5470314976834931
0,0.5031452083378943
0,0.5198424663175878
1,0.4466889345226519
1,0.4466889345226519
1,0.51593408077078
1,0.5176235076245387
0,0.5177984191184997
1,0.5537800462788023
1,0.5398489611755152
1,0.5817661957922401
1,0.5467533922279612
1,0.4930998962508746
1,0.5279163153338787
1,0.601795264293184
1,0.5314582244385165
1,0.5176226567588931
1,0.5177984191184997
0,0.5392889571359463
1,0.5225886123863259
1,0.5644828210155527
1,0.5421280491335059
0,0.5071817812424294
0,0.5225886123863259
1,0.5420273898016872
1,0.5225886123863259
1,0.5279163153338787
1,0.5270149137577487
0,0.4391797084195697
0,0.5065233959152415
0,0.4800551240783165
1,0.5440201193511908
1,0.5534895634632636
1,0.5199824710970986
0,0.5177984191184997
0,0.5637728658563766
0,0.5127750566504999
0,0.5225886123863259
1,0.5099918395601793
0,0.5259680923026713
0,0.5177984191184997
0,0.5225886123863259
1,0.5724931039938153
1,0.5125168534208436
1,0.5594039300698749
1,0.5190569281769478
1,0.5190569281769478
1,0.4712463972337871
1,0.5309668899138243
1,0.4938975438525474
0,0.5174218113075492
0,0.515070423046891
0,0.5248013268467666
1,0.5447680731617736
0,0.5246679784569582
1,0.5127750566504999
0,0.5225886123863259
0,0.5264685102225525
1,0.5910642656720911
1,0.5647395775774696
1,0.6043199883806024
1,0.46167754153782226
1,0.5266552942056663
0,0.5420780949145403
1,0.5160282152169722
0,0.47369702539333985
0,0.51593408077078
0,0.51593408077078
1,0.5195694594115612
1,0.51593408077078
0,0.5513850971357254
1,0.51593408077078
0,0.520180049985194
1,0.5255564719695098
0,0.5195694594115612
0,0.5740875919866646
0,0.4805432623602353
1,0.5917073783351787
1,0.5860134079920553
0,0.5269619696553811
1,0.48941829143124305
0,0.5225886123863259
1,0.5040522170408445
0,0.498420807700937
0,0.5209195245032416
0,0.48734623642539965
0,0.4675949735538435
1,0.5058949937480413
1,0.5195694594115612
0,0.5898019849392047
1,0.5007414762451371
1,0.5860134079920553
0,0.5248013268467666
1,0.5177984191184997
0,0.5225886123863259
1,0.5345209426750153
1,0.536036955467099
0,0.5258294699020039
0,0.4246031835608281
1,0.5357264831841831
0,0.5384605575580813
0,0.5495873132156964
0,0.5525774180676618
0,0.4899005949997559
1,0.5175336832335548
1,0.5799356898476223
0,0.5376056019547091
1,0.5031452083378943
1,0.554448064937868
1,0.5109689138910273
1,0.5258294699020039
1,0.5574753734774588
0,0.5225886123863259
1,0.5447680731617736
1,0.5836013842215378
1,0.5349162431818918
0,0.5376056019547091
0,0.610880778901536
1,0.5258294699020039
0,0.5759466705798368
1,0.5258294699020039
0,0.5723657377194153
1,0.5233305663281089
0,0.5488014160425014
1,0.5040522170408445
1,0.5225793542642433
0,0.5836013842215378
1,0.5297791877453158
1,0.5376056019547091
1,0.5187554551211467
1,0.48742985700620456
0,0.5494107547864637
1,0.6437034029943808
1,0.5248013268467666
0,0.584540090498457
1,0.5040522170408445
0,0.5459905916250157
0,0.5639362800367198
1,0.5297791877453158
0,0.5717557669120542
0,0.5285477088157795
1,0.5146277199045348
1,0.5125148924979456
1,0.5245530382896775
0,0.5285477088157795
1,0.5983423020031995
0,0.5544950108800125
1,0.43084497287035595
0,0.5314582244385165
1,0.5258294699020039
1,0.5419139254098965
1,0.4775062589051708
0,0.5195694594115612
1,0.5313195266450763
0,0.4761574753734669
0,0.559905419657022
1,0.529955500520576
0,0.5127750566504999
1,0.5663930123134902
1,0.5127750566504999
0,0.5564030649248807
1,0.5127750566504999
1,0.5717557669120542
1,0.5278136548539968
0,0.559905419657022
0,0.5166334246081524
1,0.5663930123134902
0,0.526261238761903
1,0.5128044020234402
1,0.51593408077078
1,0.5248013268467666
0,0.5792512640770535
0,0.5225886123863259
1,0.4873960542173192
1,0.5040522170408445
1,0.4609480929470568
1,0.5248013268467666
0,0.5255564719695098
0,0.5007762789860815
1,0.5457733251910127
1,0.4963885555424981
0,0.5248013268467666
0,0.5248013268467666
1,0.5211416279448002
1,0.5724931039938153
1,0.49879825575434567
0,0.5225886123863259
0,0.47658736274609215
0,0.4963885555424981
0,0.49771508252547775
0,0.5374205594205768
1,0.4955442984877012
0,0.5669579817488908
1,0.49885549482840985
1,0.51593408077078
0,0.5195694594115612
0,0.5374205594205768
1,0.5248013268467666
1,0.4569620813462214
0,0.5724931039938153
1,0.5513850971357254
0,0.5419767903680621
1,0.492155290738666
0,0.4955442984877012
0,0.5281963665473847
1,0.43551249962083693
0,0.47460591452761186
1,0.5195694594115612
1,0.4573066054472263
0,0.506054463081683
0,0.49466837038313455
0,0.5421280491335059
1,0.49879825575434567
1,0.4955442984877012
1,0.5434022664953757
0,0.602978663577691
1,0.5237650401770915
1,0.55858379345055
0,0.5225886123863259
1,0.5255564719695098
1,0.5190569281769478
1,0.5429716578071802
1,0.5225886123863259
1,0.5279163153338787
1,0.5600354167831458
0,0.5311821463000852
0,0.5425469183557149
1,0.40111500052483257
1,0.5279163153338787
0,0.5000370807703328
1,0.4281953043242485
0,0.5747385255753301
1,0.5226367327491046
1,0.5279163153338787
1,0.5226367327491046
1,0.5134277001662938
0,0.5279163153338787
1,0.5018149774546439
0,0.51593408077078
1,0.5170794082224044
1,0.5279163153338787
1,0.5572784317326495
1,0.5279163153338787
0,0.5403206964789073
1,0.5059303581240919
0,0.5071817812424294
0,0.5467533922279612
1,0.4707375705810334
1,0.5279163153338787
1,0.5203840704061367
0,0.5226367327491046
1,0.5279163153338787
0,0.5279163153338787
1,0.5309668899138243
1,0.4844567290921451
1,0.509710139123047
1,0.509710139123047
0,0.5281323039194205
0,0.5179108773933699
0,0.5281323039194205
0,0.5127966693969789
1,0.509710139123047
0,0.5179108773933699
0,0.51593408077078
0,0.51593408077078
0,0.509710139123047
1,0.509710139123047
1,0.45986932991228263
0,0.51593408077078
0,0.51593408077078
0,0.5279163153338787
0,0.6061345895443057
1,0.5025107171599935
1,0.5078351910510283
0,0.51593408077078
1,0.51593408077078
0,0.5039667517545683
1,0.5278947262910109
1,0.506054463081683
1,0.45986932991228263
0,0.51593408077078
0,0.5226367327491046
1,0.5203840704061367
1,0.5255564719695098
0,0.5179108773933699
0,0.5226367327491046
0,0.5225886123863259
1,0.509710139123047
1,0.44856141738513894
0,0.5255564719695098
0,0.5279163153338787
1,0.5255564719695098
0,0.51593408077078
0,0.5226367327491046
0,0.5945432565136772
1,0.513666730175704
1,0.5278947262910109
0,0.506054463081683
0,0.49572227419959297
1,0.5278947262910109
0,0.546289238780296
0,0.5014420409439126
0,0.46046554573252796
0,0.493941414272268
0,0.51593408077078
0,0.4643278929535445
0,0.5150051455364381
1,0.51593408077078
1,0.4594144368239932
0,0.5197579633985017
0,0.5099591690218073
0,0.49986500125801103
1,0.4874798711436047
1,0.5030702016607979
0,0.4549629823295116
0,0.5197579633985017
0,0.5058193200656323
0,0.5179108773933699
0,0.5226367327491046
0,0.509710139123047
1,0.558820165071629
0,0.6304422434867172
1,0.509710139123047
0,0.506302635406341
0,0.5058193200656323
1,0.5922480367717766
1,0.5521634585892056
1,0.5322377585114157
1,0.5121864171426826
0,0.47600777322883664
1,0.509710139123047
0,0.5255564719695098
0,0.509710139123047
1,0.5190569281769478
0,0.5226367327491046
0,0.5279163153338787
0,0.578882593198974
0,0.5279163153338787
0,0.5225886123863259
1,0.5183791395170944
0,0.5513722972798676
1,0.5225886123863259
0,0.48848340153680053
1,0.5278947262910109
0,0.5945432565136772
0,0.47432615676236317
1,0.5912713647486505
1,0.5312849461010172
0,0.5177984191184997
0,0.5937721626390409
0,0.5540079074470925
1,0.47651438992112705
0,0.49986500125801103
0,0.48013040782750305
0,0.5190569281769478
0,0.52853495584339
1,0.49986500125801103
0,0.5255564719695098
0,0.5176235076245387
1,0.5286011759099137
0,0.5899267559606953
1,0.5195694594115612
0,0.5195694594115612
0,0.5195694594115612
1,0.5195694594115612
1,0.4955442984877012
1,0.48249326782581387
0,0.5195694594115612
1,0.5195694594115612
0,0.536654782113207
0,0.5655355092630195
1,0.48249326782581387
0,0.45236669057056783
1,0.45236669057056783
0,0.5799356898476223
0,0.5174236040982828
0,0.4656192014653681
0,0.5190569281769478
1,0.5038402033978803
0,0.5225886123863259
0,0.4991066063587953
0,0.5195694594115612
1,0.5195694594115612
1,0.5327102033598273
1,0.51593408077078
1,0.5195694594115612
1,0.51593408077078
1,0.4594144368239932
1,0.48013040782750305
1,0.5067646494277277
0,0.5225886123863259
1,0.5336997528043886
1,0.5255564719695098
0,0.509755960159295
1,0.509710139123047
1,0.5279163153338787
0,0.49572227419959297
0,0.506054463081683
0,0.509710139123047
0,0.5278947262910109
1,0.4466889345226519
0,0.51593408077078
1,0.564145849999868
1,0.5226367327491046
1,0.5278947262910109
0,0.44856141738513894
1,0.5255564719695098
0,0.5805559336433483
1,0.589900258956995
0,0.5225886123863259
1,0.5542274692683674
1,0.5225886123863259
0,0.5433331041725877
0,0.48558250622027993
1,0.5069263569493827
1,0.509710139123047
1,0.5042368749529297
1,0.5225886123863259
0,0.5311821463000852
1,0.509710139123047
0,0.509710139123047
0,0.5039667517545683
1,0.5006907352775516
1,0.5179108773933699
0,0.48141136376411153
0,0.51593408077078
0,0.5255564719695098
0,0.44856141738513894
1,0.5905360867087919
0,0.5310133310788541
0,0.509710139123047
1,0.5226367327491046
1,0.5190569281769478
0,0.509710139123047
1,0.509710139123047
0,0.5226367327491046
0,0.5226367327491046
0,0.5005797378983707
1,0.5526510440179916
0,0.5492493808498988
0,0.5226367327491046
1,0.5279163153338787
0,0.5225886123863259
0,0.5279163153338787
1,0.5655330788919244
0,0.5225886123863259
1,0.5203840704061367
0,0.5279163153338787
1,0.5296960455672785
1,0.5861444108531608
1,0.5179108773933699
1,0.5072360164405275
0,0.5461861367477615
1,0.5281323039194205
1,0.5279163153338787
0,0.5578787920670457
1,0.5352784406896178
1,0.5440201193511908
0,0.5225886123863259
0,0.5296960455672785
0,0.5440201193511908
1,0.5279163153338787
1,0.5225886123863259
1,0.5225886123863259
1,0.5225886123863259
0,0.5312849461010172
1,0.5037841536101328
1,0.55858379345055
0,0.5440508346446563
1,0.5598813646175205
1,0.49796805368517083
1,0.543179528582854
1,0.576117109290375
1,0.5391031311150227
1,0.5311452030232501
0,0.5279163153338787
1,0.5821659714714474
0,0.505993319021858
0,0.5065233959152415
0,0.5039667517545683
0,0.509710139123047
1,0.5065233959152415
0,0.5309668899138243
0,0.5957559986769614
1,0.5107920535777626
1,0.4574453330358813
0,0.5614087829626296
1,0.5225886123863259
0,0.41791044470526756
0,0.5018565592651969
0,0.5065233959152415
1,0.5226367327491046
0,0.6002225034567377
0,0.5067646494277277
0,0.5225886123863259
0,0.5281323039194205
1,0.5440201193511908
0,0.5675785569138453
1,0.5317241878609228
0,0.51863192750616
1,0.5179108773933699
0,0.5281323039194205
1,0.509710139123047
1,0.4950107289288005
1,0.5065233959152415
0,0.5065233959152415
0,0.509710139123047
1,0.49536595254045596
0,0.4875334312868354
0,0.5014340034318993
0,0.5176235076245387
0,0.5197579633985017
0,0.5282908176258764
1,0.5304378779023847
0,0.5282908176258764
0,0.5328333491078386
1,0.47255663306031165
0,0.5179108773933699
1,0.5067646494277277
0,0.5747385255753301
1,0.5281323039194205
0,0.5279163153338787
1,0.5599757838427312
1,0.537241447621931
1,0.4391797084195697
0,0.5226367327491046
1,0.5700011593950833
0,0.509710139123047
1,0.5067646494277277
0,0.5440201193511908
0,0.5279163153338787
1,0.5392889571359463
1,0.5362275796275329
1,0.5356373444697171
0,0.4827166856062787
0,0.505993319021858
0,0.5252458095046746
1,0.5437629314841019
1,0.5039667517545683
0,0.4391797084195697
1,0.5489126343253745
1,0.509710139123047
0,0.5385624276973189
1,0.5358470433086928
0,0.5440201193511908
1,0.5679099115206835
0,0.5225886123863259
1,0.505993319021858
0,0.5018565592651969
1,0.5065233959152415
1,0.5279163153338787
1,0.5279163153338787
1,0.5279163153338787
1,0.538076835709296
0,0.5312149219024984
1,0.5769807495080111
0,0.5225886123863259
0,0.5328333491078386
1,0.5065233959152415
0,0.537390086927076
1,0.5065233959152415
1,0.5190569281769478
0,0.5279163153338787
1,0.5440201193511908
0,0.5716076370729559
1,0.49185386804897735
0,0.5421280491335059
0,0.5962775256043217
0,0.5466957883381589
1,0.5279163153338787
0,0.5896347472038596
1,0.5279163153338787
0,0.50294779882029
1,0.5414008460113112
1,0.4930998962508746
0,0.4639034315997934
1,0.5065233959152415
1,0.5065233959152415
1,0.5203132974068174
0,0.537390086927076
0,0.43990131443602504
1,0.532043451026614
1,0.5036707535948894
1,0.5593040854414112
1,0.5225886123863259
1,0.5777629398943149
1,0.5050147084776364
1,0.5535346474598876
1,0.5228598484563468
1,0.537390086927076
0,0.5279163153338787
0,0.5220541487952521
1,0.5245085641666037
1,0.4816611088506408
1,0.5265154993169071
1,0.5279163153338787
0,0.5279163153338787
0,0.5279163153338787
1,0.5245085641666037
1,0.5482793142857479
1,0.5270857062382975
1,0.5005068672165892
0,0.45880288790423585
1,0.5554846517154015
1,0.52596420532258
1,0.5535157797973803
1,0.5083434039391361
1,0.5393550968557138
0,0.4985772979330798
1,0.5390195669736615
0,0.5378924838229934
1,0.5575542316592487
1,0.5000676958234183
1,0.5130203127479737
0,0.5029604409162076
0,0.5214843076195274
1,0.5120405112762875
0,0.5130203127479737
0,0.5499775969746598
0,0.5561395343392469
1,0.5130253601247773
0,0.5372331874175742
1,0.5120405112762875
0,0.5130253601247773
1,0.5130253601247773
1,0.5029604409162076
0,0.5027219026033376
0,0.4814805810174241
1,0.5593690494470628
1,0.5160384038323225
1,0.498609783510443
1,0.5130253601247773
1,0.6216851806694815
1,0.5021757056101602
0,0.4693575484208406
1,0.5844699726877685
1,0.5021757056101602
0,0.5969516421178813
0,0.5210648655942529
1,0.5196570587509218
1,0.49175079210093503
0,0.5010530759823145
0,0.49216324944530593
0,0.4819131544637371
1,0.4862052614066431
1,0.49175079210093503
0,0.4814805810174241
1,0.5130253601247773
0,0.5806460225560379
0,0.5021757056101602
0,0.4935373934051042
0,0.5104858688666608
1,0.5675079430623946
0,0.45763620568344976
0,0.5083434039391361
0,0.49573882212355935
1,0.4998610404342391
1,0.47816267198335305
1,0.5130253601247773
1,0.40153300581779344
0,0.5354929611349364
1,0.5130253601247773
0,0.5130253601247773
0,0.5354929611349364
1,0.5832500343771181
1,0.48781162067927375
1,0.5160384038323225
1,0.4814805810174241
0,0.47197949590970806
0,0.504943119241864
0,0.5196570587509218
1,0.49175079210093503
0,0.4744589618782281
1,0.4814805810174241
1,0.49850416930743907
1,0.5240040416782868
0,0.5440201193511908
1,0.5386718615634649
0,0.45292116013773737
0,0.49850416930743907
1,0.5064166059732595
1,0.5394643117926132
1,0.49216324944530593
0,0.5286592915258608
1,0.5130253601247773
0,0.5130253601247773
1,0.5190569281769478
1,0.5279163153338787
0,0.5174268480136054
0,0.5071817812424294
1,0.6060742386749022
1,0.5718018398573275
0,0.5012064043937418
0,0.5421280491335059
0,0.5421280491335059
1,0.48477263210866867
0,0.5304341462077867
1,0.5107239944238432
1,0.5227704203919947
1,0.5158725371391099
0,0.5107239944238432
1,0.5150936279174674
1,0.5547002975149324
0,0.5084225875082862
0,0.5173639451709882
1,0.551468934251168
1,0.5064166059732595
1,0.5309668899138243
1,0.5360024317075222
0,0.4832571518719378
1,0.5173639451709882
0,0.5174268480136054
1,0.5173639451709882
0,0.5173639451709882
0,0.5053375518546418
0,0.5316849002545898
0,0.4704585900521591
1,0.5173639451709882
0,0.5122907732516363
0,0.4704585900521591
1,0.46034415318793526
0,0.5304341462077867
1,0.5173639451709882
0,0.5304341462077867
1,0.5421280491335059
1,0.5304341462077867
1,0.5356373444697171
1,0.5304341462077867
1,0.541639852439537
0,0.5504759295802942
0,0.5173639451709882
1,0.5264180463676412
1,0.5085097233310574
1,0.5161610111549132
1,0.5173639451709882
0,0.4682974815884209
0,0.5125948645706057
1,0.5053375518546418
1,0.5173639451709882
0,0.5173639451709882
0,0.5161610111549132
0,0.5190569281769478
1,0.5085097233310574
1,0.5173639451709882
1,0.513611052000071
1,0.5174268480136054
1,0.5186063175222732
0,0.5177071343540989
1,0.5311795918120623
0,0.5177030501091832
0,0.5309668899138243
1,0.6473187154374186
0,0.5107239944238432
0,0.5173639451709882
0,0.5033529211505923
1,0.5033529211505923
0,0.5547002975149324
0,0.5173639451709882
1,0.5173639451709882
0,0.5173639451709882
0,0.5107239944238432
1,0.5173639451709882
1,0.5077379413413418
0,0.4704585900521591
0,0.5005068672165892
0,0.5184438068268065
0,0.5196570587509218
0,0.5184438068268065
1,0.5196570587509218
1,0.49573882212355935
1,0.530243052480177
0,0.5385404824284791
0,0.5126654344512995
0,0.5184438068268065
0,0.5138185107648002
0,0.5426703315585943
1,0.5184438068268065
1,0.506069409093771
0,0.49573882212355935
1,0.5130203127479737
0,0.493054333081169
0,0.5130253601247773
0,0.5130203127479737
1,0.5130203127479737
0,0.5130203127479737
0,0.500790455509895
1,0.5296768535491283
0,0.45880288790423585
1,0.5100418138045864
1,0.5196527302885862
0,0.49671406935113055
0,0.4985772979330798
1,0.5790447425859371
0,0.5296768535491283
0,0.4814805810174241
1,0.5404816511084207
0,0.5130203127479737
1,0.5408906401324147
0,0.5138185107648002
1,0.5130203127479737
0,0.5130203127479737
1,0.5382735583538671
1,0.5273572063998614
0,0.5354929611349364
1,0.5146974186396284
1,0.5380392434800461
1,0.5354929611349364
1,0.5063370800855834
0,0.49216324944530593
1,0.49216324944530593
1,0.5240040416782868
1,0.5279163153338787
0,0.536691036379564
1,0.5285428572339861
1,0.5285428572339861
1,0.5130253601247773
0,0.5040421977861739
0,0.5304341462077867
1,0.5313247638315085
0,0.5334222177336359
1,0.49357376343862164
1,0.5184438068268065
1,0.513608305481378
1,0.5279163153338787
1,0.5071817812424294
1,0.5121864171426826
0,0.5162484120430264
1,0.5160384038323225
1,0.48934068553937154
1,0.5346626422393723
1,0.5304341462077867
1,0.5137906337579936
0,0.5174268480136054
1,0.5174268480136054
1,0.5376056019547091
1,0.5085097233310574
1,0.5107239944238432
0,0.5137906337579936
1,0.5085097233310574
0,0.5125948645706057
1,0.5218516960752109
1,0.5932074972120487
0,0.5174268480136054
1,0.44637458786704226
0,0.5137906337579936
0,0.5007632433580331
1,0.5053375518546418
0,0.5127729142464952
0,0.5173639451709882
1,0.5085097233310574
1,0.5085097233310574
1,0.5161610111549132
0,0.4985772979330798
1,0.5183791395170944
0,0.4562204212874463
0,0.5259417128868071
0,0.5186177510377332
1,0.5177030501091832
0,0.5174268480136054
0,0.5805970011998997
1,0.428718681592816
0,0.5033529211505923
0,0.4875690363525316
0,0.5107239944238432
1,0.5173639451709882
1,0.5525039593508005
0,0.5137906337579936
1,0.5085097233310574
0,0.5174268480136054
0,0.5085097233310574
1,0.5553775405158166
1,0.5151912274106137
0,0.5287141182437861
1,0.5718018398573275
0,0.5174268480136054
1,0.49975450898818097
0,0.5814014513002906
1,0.5137906337579936
1,0.5256792722305552
1,0.4880489385332285
0,0.5174268480136054
1,0.509490950319105
0,0.531306230518402
1,0.5173639451709882
0,0.5173639451709882
1,0.5173639451709882
0,0.5107239944238432
0,0.49640939379302873
1,0.5077379413413418
0,0.5077379413413418
1,0.5421280491335059
0,0.47838575843129794
1,0.5107239944238432
0,0.5174268480136054
1,0.5506290843569092
1,0.5334222177336359
0,0.5607500004391842
0,0.5064166059732595
0,0.4800793444237741
1,0.530047096364655
1,0.5279163153338787
0,0.5190569281769478
1,0.5421280491335059
1,0.5279163153338787
1,0.5486181643587702
1,0.5300298145168956
1,0.5330068380092345
0,0.5491196261057607
0,0.5549987893151392
0,0.5309668899138243
1,0.5008855956155478
0,0.5090796406250924
1,0.5360024317075222
0,0.5034345471993497
1,0.5241767838536092
1,0.5424300930966306
0,0.5360024317075222
0,0.5404022564242188
0,0.5225886123863259
1,0.5506290843569092
0,0.474479112688055
0,0.5238550808675797
0,0.5137906337579936
0,0.5005068672165892
0,0.5426491994765867
1,0.5327538403630296
0,0.5313247638315085
0,0.5184438068268065
0,0.4935373934051042
0,0.5334222177336359
1,0.5193286676824536
1,0.5448355519790602
0,0.5274752971932886
0,0.5240040416782868
1,0.4987756668320283
1,0.493054333081169
0,0.4959324177395134
0,0.49573882212355935
1,0.5055131997963734
0,0.49011380356049544
0,0.5005068672165892
0,0.5277069312528804
1,0.5075599423755549
0,0.529277403569655
1,0.5011028841559312
0,0.49595983560110957
1,0.5255174580494087
1,0.5584178174346386
0,0.5281421477745817
0,0.5361902042452378
1,0.516186487704488
0,0.5872626674960236
1,0.5151098101050533
0,0.4737272494527091
1,0.5011028841559312
1,0.5077671694192393
0,0.5011028841559312
0,0.5014340034318993
1,0.5316437979741329
1,0.5053651828902316
1,0.5176235076245387
0,0.5008738030121453
0,0.5130017598470915
1,0.4514729696332826
0,0.5187876075138438
0,0.4992622436101342
0,0.4931341651146642
0,0.5176235076245387
0,0.5260651760568549
0,0.5104138443662094
1,0.5039667517545683
0,0.5039667517545683
0,0.5314165184605885
1,0.5176235076245387
0,0.5314165184605885
0,0.5513503358097674
1,0.5039667517545683
1,0.5744526170234393
0,0.5176235076245387
1,0.5357658611276919
0,0.5039667517545683
0,0.505993319021858
1,0.5264685102225525
1,0.5333576568780729
0,0.5065233959152415
1,0.5176235076245387
1,0.4958882492822419
1,0.5233340264246635
0,0.4729793172194334
0,0.46817499923484696
1,0.5328333491078386
0,0.5328333491078386
1,0.5233340264246635
0,0.555114134077024
1,0.5306673451671691
1,0.5227967948432121
0,0.5328333491078386
1,0.5233340264246635
0,0.5328333491078386
1,0.5185522631245404
1,0.5297791877453158
0,0.5537868339447137
0,0.6116453626017737
1,0.5067646494277277
1,0.5598813646175205
0,0.544121227887042
0,0.5183358109392581
1,0.5065233959152415
0,0.505993319021858
0,0.5146577632706746
0,0.5225886123863259
0,0.5279163153338787
0,0.509710139123047
0,0.5083508771317824
0,0.4995036264343102
1,0.509710139123047
1,0.5352076707583604
0,0.5325186764070204
1,0.4391797084195697
1,0.509710139123047
1,0.5521634585892056
0,0.5279163153338787
0,0.4864705000563854
1,0.5636618556777814
1,0.5279163153338787
1,0.5363562535951185
1,0.5279163153338787
1,0.537390086927076
1,0.5286098666240054
0,0.5551066070044235
0,0.5279163153338787
1,0.5312348362523973
0,0.5417684618944549
0,0.5042665660221741
0,0.5534895634632636
0,0.5551066070044235
1,0.5190569281769478
0,0.5224232580948243
1,0.5078472416348445
1,0.5328333491078386
0,0.5590126358788688
1,0.5065233959152415
0,0.5311452030232501
1,0.5279163153338787
1,0.5065233959152415
0,0.5065233959152415
0,0.5065233959152415
0,0.5971040278933778
1,0.5566358296469881
1,0.5121864171426826
1,0.49109508261957147
0,0.5065233959152415
0,0.5065233959152415
1,0.5386718615634649
1,0.5294424681482048
1,0.5312348362523973
0,0.5177984191184997
1,0.5279163153338787
0,0.5529206782558445
0,0.5146577632706746
1,0.5534895634632636
0,0.5059966544007282
0,0.5279163153338787
1,0.5279163153338787
1,0.5296960455672785
1,0.5296840477877693
1,0.5279163153338787
1,0.5260651760568549
0,0.5279163153338787
1,0.4737874660024447
1,0.5777007605715377
1,0.5440508346446563
0,0.5467533922279612
0,0.5247534498682793
1,0.5225886123863259
1,0.491659501378115
0,0.5279163153338787
1,0.5447519668392636
0,0.5279163153338787
1,0.578902612598209
0,0.5130203127479737
1,0.502964627708905
0,0.5279163153338787
1,0.5279163153338787
1,0.5414008460113112
1,0.5440508346446563
1,0.5225886123863259
1,0.5160218285358865
0,0.5279163153338787
0,0.5334046561090848
1,0.5786259927160217
1,0.5036707535948894
0,0.5467533922279612
0,0.5649368418319823
1,0.5279163153338787
0,0.5279163153338787
1,0.5250834655858984
1,0.5334046561090848
0,0.5225886123863259
0,0.49185386804897735
0,0.545799730802592
1,0.5135612590851435
1,0.5297791877453158
1,0.5402769147196022
1,0.5215206135087144
1,0.5279163153338787
1,0.5279163153338787
1,0.5473339201145089
1,0.5279163153338787
1,0.5225886123863259
0,0.5610478358458857
0,0.5279163153338787
0,0.5064166059732595
0,0.5146577632706746
0,0.5279163153338787
0,0.5279163153338787
1,0.5731181500145061
0,0.5890575710986808
1,0.515713510803602
1,0.5225886123863259
0,0.5250183756799525
0,0.5183791395170944
1,0.5608904605492342
1,0.5839909620407915
1,0.5225886123863259
0,0.5404282701836451
1,0.532519455283284
1,0.5225886123863259
0,0.5457376749601031
0,0.517500566827129
0,0.5334046561090848
1,0.5279163153338787
0,0.5225886123863259
1,0.5404282701836451
1,0.5247534498682793
0,0.532519455283284
1,0.5260902974758104
1,0.5334046561090848
1,0.5467533922279612
1,0.5747990212812424
0,0.5279163153338787
1,0.5321705509169159
1,0.5334222177336359
1,0.5055113581611511
1,0.5168469092389311
0,0.5279163153338787
1,0.5225886123863259
1,0.5284158722694149
1,0.5237650401770915
1,0.5225886123863259
0,0.47052347191256017
0,0.5247534498682793
0,0.5044007416374502
1,0.5135612590851435
0,0.5556809112294366
0,0.5671055088221082
1,0.5759641705742304
1,0.5247534498682793
0,0.5279163153338787
0,0.5398552045069293
1,0.5150885236586028
1,0.5602848166280519
1,0.517500566827129
1,0.45995740941652274
0,0.552671817929616
1,0.4613612923575921
0,0.45995740941652274
1,0.5177094920233943
1,0.5297791877453158
0,0.5414008460113112
0,0.5376072300737411
0,0.5334046561090848
1,0.5397826486342041
1,0.5177094920233943
1,0.5480117050036197
0,0.5184318061419114
1,0.5144034644007928
0,0.48062094582677223
1,0.51068297635188
1,0.5207809095679651
1,0.5023070451016495
1,0.49513570876418483
1,0.5137906337579936
0,0.5059236794639445
1,0.5033117208359977
1,0.49738154677451885
0,0.5334046561090848
0,0.5225886123863259
1,0.5550918541579599
0,0.5404022564242188
0,0.552671817929616
0,0.5789288090398121
1,0.5225886123863259
1,0.5424340852001185
1,0.5629870718451436
1,0.5264685102225525
0,0.5190569281769478
1,0.5807291312904729
1,0.5225886123863259
0,0.5830791267824627
1,0.5275806652630298
0,0.552671817929616
0,0.5177094920233943
1,0.5284158722694149
1,0.5225886123863259
1,0.5053375518546418
1,0.5125948645706057
0,0.544599525486734
0,0.5251065801411507
0,0.4886128494603162
0,0.532418158559703
1,0.5173639451709882
0,0.5059236794639445
1,0.5415938648418217
0,0.5654310612880978
1,0.5327432129804821
1,0.5177071343540989
1,0.5842342543767538
1,0.5177094920233943
1,0.5129353829304043
1,0.5842342543767538
0,0.47273891702404824
1,0.4945324095423279
1,0.5105457204051951
1,0.5226950912638785
0,0.5842342543767538
0,0.49072070208462054
0,0.4852960201539821
1,0.542007380481089
0,0.5044007416374502
0,0.4409004763875397
0,0.5671055088221082
0,0.5830791267824627
0,0.5279139701633304
0,0.5418599928619643
1,0.5643110045189413
0,0.5309668899138243
0,0.5225886123863259
1,0.5174268480136054
1,0.5225390408198913
0,0.5403842021690514
0,0.5190569281769478
1,0.5942909595456255
0,0.4665228090174987
1,0.5404022564242188
0,0.49185386804897735
1,0.49185386804897735
1,0.5284158722694149
1,0.5012040856123392
1,0.5539196459181184
1,0.5177094920233943
1,0.5280822876037301
0,0.4734119282568527
1,0.5368231938135005
0,0.5245488668747289
1,0.4548019564964156
1,0.5669954465026993
0,0.5177754141016383
0,0.5368231938135005
1,0.5271436654831062
0,0.5658885056910602
0,0.4752073631279663
1,0.4696248812887671
0,0.5225886123863259
0,0.545663107131785
1,0.4455318066020652
0,0.5451957859370075
0,0.5174268480136054
0,0.5020060133535019
1,0.5842038985152204
1,0.5174268480136054
1,0.5173639451709882
0,0.5173964386336113
0,0.5190694376838039
1,0.47596158139801326
1,0.5125948645706057
1,0.5161610111549132
0,0.5020134935721164
1,0.5560944231066823
0,0.5173639451709882
1,0.5174268480136054
0,0.5225886123863259
1,0.560178312000676
1,0.49587695764795936
1,0.5177071343540989
0,0.6219665859368162
1,0.5225886123863259
0,0.5371376674550865
0,0.4613612923575921
0,0.4613612923575921
1,0.5219457847520735
1,0.5225886123863259
1,0.5177754141016383
1,0.5157455863285058
0,0.4696248812887671
1,0.5434426180355542
1,0.6074427483643262
1,0.5177094920233943
1,0.6187931046693741
1,0.528355294168309
1,0.5486696064338943
1,0.4506868557235775
1,0.565033219944143
0,0.5600668724344211
1,0.5602490940482332
0,0.5225886123863259
1,0.5795238132381613
0,0.5448195092260663
1,0.5600668724344211
1,0.6266529195617602
1,0.5177754141016383
0,0.5989931462184491
1,0.5434426180355542
1,0.5475399658296027
1,0.527747012533012
0,0.5475399658296027
1,0.6432649122395934
1,0.533171551855136
1,0.5475399658296027
1,0.5521698678010226
0,0.5225886123863259
1,0.5508586810487563
1,0.5522982302654104
1,0.5352670208261542
1,0.5306450399759527
1,0.5557938571289013
0,0.5153164701353393
0,0.5379056839228055
0,0.48195834102987606
1,0.6296194149238523
1,0.5053375518546418
1,0.5731870010355691
0,0.500741392027975
0,0.5122907732516363
0,0.5224603048686812
1,0.485413663224923
0,0.5122907732516363
1,0.5225886123863259
0,0.5667982377372027
0,0.485413663224923
0,0.46231701146175547
0,0.4838242938107706
1,0.5095247279089616
1,0.6466999342270282
1,0.5342692659444039
0,0.6459018164545007
0,0.4791740249654549
1,0.5475399658296027
0,0.4632446999846952
0,0.502615492306203
0,0.5314388333116795
1,0.5317565069674178
1,0.500321912331151
0,0.5125948645706057
0,0.5147191409733097
1,0.4893292993043292
1,0.5161610111549132
1,0.5752700065576749
1,0.6484925600405279
0,0.4838242938107706
0,0.5696808852632973
0,0.6348833601900322
0,0.4738159377094546
0,0.49637243550658827
1,0.5072755910445934
1,0.6392115549051649
1,0.5067646494277277
1,0.5177754141016383
1,0.527747012533012
1,0.5224603048686812
1,0.5122907732516363
0,0.47807707227311674
1,0.46231701146175547
0,0.4632446999846952
0,0.4182616911183118
0,0.5161610111549132
1,0.5455905151154145
0,0.5225886123863259
0,0.5745062347613036
0,0.382982964365581
0,0.49584323339387487
1,0.45684997406303846
1,0.518990804853701
0,0.5475399658296027
1,0.485413663224923
0,0.49584323339387487
0,0.5185078317721581
1,0.5475399658296027
0,0.5125948645706057
0,0.502615492306203
0,0.6466999342270282
1,0.5317565069674178
1,0.5380598176091206
1,0.5122907732516363
1,0.6433075068515348
0,0.485413663224923
1,0.5781697679107946
0,0.5048799127464034
0,0.498378634249598
0,0.49493902592775546
1,0.49381863093574924
1,0.5240170506538989
1,0.5198407659023484
0,0.5459688688827431
0,0.5073671850103375
1,0.5433809711129839
0,0.5165018998487365
0,0.5370663804084056
1,0.5225886123863259
0,0.5113915220713161
0,0.5225886123863259
1,0.5171536745902661
1,0.5073671850103375
0,0.5073671850103375
0,0.5132332244434312
0,0.5198407659023484
0,0.5224667521684013
1,0.5320489840826259
0,0.5475399658296027
1,0.600828204185264
1,0.5434426180355542
1,0.6314821919366453
1,0.5592770444818205
1,0.5379056839228055
1,0.5830094078384248
0,0.5379056839228055
1,0.560178312000676
1,0.5693359071474506
1,0.5491748870107648
1,0.565033219944143
1,0.5177094920233943
1,0.5224667521684013
1,0.5274996237665727
0,0.5548446450675124
1,0.5190569281769478
1,0.5696808852632973
1,0.6182367177341082
1,0.5190569281769478
1,0.5268891818943466
0,0.5183791395170944
0,0.5365083595499691
1,0.5268891818943466
0,0.5041290603469869
0,0.5809784200391357
0,0.6180964180682957
1,0.5225886123863259
1,0.5227313656035291
1,0.47618214642967566
1,0.6057907819530202
1,0.45839356207828974
1,0.565033219944143
1,0.5048799127464034
1,0.5830869409953265
1,0.5951878576702027
1,0.5548446450675124
0,0.5053375518546418
1,0.4515448811035554
0,0.421520985602563
0,0.4280325331731862
1,0.6235379060724183
0,0.509238434619819
0,0.45983516864178503
0,0.49435289725055825
0,0.49435289725055825
1,0.6108689952696102
1,0.5198407659023484
1,0.49435289725055825
1,0.5048799127464034
0,0.5225886123863259
1,0.6057907819530202
0,0.5550216075521983
1,0.5225329775070698
0,0.508440816598956
0,0.5132303175547334
0,0.5264685102225525
0,0.5310624319144555
0,0.5264685102225525
1,0.5655102699773872
0,0.5227313656035291
1,0.5491748870107648
0,0.509238434619819
1,0.45983516864178503
1,0.5225886123863259
1,0.49435289725055825
0,0.5260909245567769
1,0.5227313656035291
1,0.5376467835081657
0,0.5376467835081657
1,0.5973818291554347
0,0.5283595440722137
1,0.5225886123863259
0,0.5024286353566887
1,0.49435289725055825
1,0.533991532508546
0,0.5433809711129839
1,0.5283161135739927
1,0.5132332244434312
0,0.545470673564705
1,0.49435289725055825
1,0.5421437937699275
1,0.5245583554388051
0,0.5666861314063993
1,0.5666861314063993
1,0.5314582244385165
0,0.6294677864231627
0,0.5396032880953698
0,0.5330917186883859
1,0.5232484577365086
1,0.47051294292809354
1,0.6125183770513132
0,0.54023640855435
1,0.5662957113013716
1,0.49631500495627917
0,0.5553132595085484
1,0.5548446450675124
1,0.5283161135739927
1,0.5177094920233943
0,0.5622241580309608
0,0.49435289725055825
0,0.5125948645706057
0,0.5125948645706057
1,0.49584323339387487
1,0.5091636244370196
1,0.5268891818943466
0,0.5268891818943466
0,0.48885165152558785
1,0.5446602679457763
1,0.6081631614231482
0,0.5464053188869792
0,0.49435289725055825
1,0.545402446715698
1,0.49435289725055825
1,0.49435289725055825
1,0.5426115216837537
0,0.5177094920233943
1,0.5225886123863259
1,0.4819985628539019
1,0.5177094920233943
1,0.5177094920233943
0,0.523784865616698
0,0.5225886123863259
0,0.5225886123863259
1,0.5109196335272681
1,0.5766554800368975
1,0.5641885725537021
1,0.565033219944143
0,0.4969292166990224
1,0.49435289725055825
1,0.5145990009448914
1,0.5295156141838733
0,0.5225886123863259
1,0.578331401433408
0,0.5652310351504285
0,0.5177094920233943
1,0.5548446450675124
1,0.466498030481386
0,0.5282669583885921
0,0.5548446450675124
1,0.5471196716969173
0,0.5125948645706057
1,0.5268891818943466
1,0.5377013470184266
0,0.47683891167690695
1,0.4422189847102286
1,0.49099190052312225
0,0.49435289725055825
1,0.5225886123863259
0,0.5177094920233943
0,0.5177094920233943
0,0.517383287180692
0,0.4718829818077748
0,0.5012737088361434
0,0.5719383595298259
1,0.6125197938342342
0,0.4919881417138288
0,0.5033336407925149
1,0.47924734968510957
1,0.4944994187316942
0,0.49435289725055825
0,0.568606297753474
1,0.5177094920233943
1,0.5359561068474596
1,0.565033219944143
1,0.49435289725055825
1,0.508443306782265
0,0.5310624319144555
0,0.5028903451220849
0,0.4991519632198269
1,0.45414283820692136
0,0.4969292166990224
1,0.48542030534864256
1,0.5225886123863259
0,0.5177094920233943
0,0.49435289725055825
1,0.4233586317922109
1,0.4830140372880573
0,0.5497354877322774
0,0.5177094920233943
0,0.5177094920233943
0,0.49435289725055825
1,0.49435289725055825
1,0.566155969447227
1,0.5039492697181234
0,0.4943916672249624
0,0.5297791877453158
0,0.49435289725055825
1,0.49435289725055825
0,0.5555167197322818
1,0.5059303581240919
1,0.5232210653224934
0,0.5314582244385165
1,0.4821513931480778
0,0.6235379060724183
0,0.48401008453232663
0,0.48741033981445914
1,0.5001891650581988
0,0.545633900490526
0,0.4975129276361946
1,0.5327254193972465
1,0.5283161135739927
0,0.5177094920233943
0,0.4999603646582086
0,0.49632365983233706
0,0.49472435582483665
1,0.574580251362152
0,0.5365083595499691
1,0.5359601589317212
0,0.49435289725055825
1,0.5225886123863259
1,0.6125183770513132
0,0.47540854554180867
1,0.5409301057055861
1,0.5362649138214056
1,0.5372028245076463
1,0.6049161121206664
1,0.5177094920233943
1,0.5225886123863259
0,0.5087406724213615
0,0.569047852027872
1,0.557635187005613
0,0.589903113062611
1,0.548888805028924
1,0.5225886123863259
1,0.5225886123863259
1,0.6097064696041034
1,0.5377013470184266
1,0.5362476457219386
1,0.5225886123863259
1,0.5320937618179037
0,0.5452030944962067
0,0.5225886123863259
0,0.5365779304861497
1,0.5268891818943466
0,0.5190569281769478
1,0.5321606206554884
0,0.5190569281769478
0,0.4950088774394349
0,0.4950088774394349
1,0.4333497460106799
0,0.5377013470184266
1,0.49842286082501575
1,0.49842286082501575
1,0.5310624319144555
0,0.5505597168556475
0,0.5540723396074112
0,0.5225886123863259
0,0.5548446450675124
1,0.5109196335272681
1,0.5766554800368975
1,0.521123339688729
0,0.6393907335791928
1,0.5268891818943466
1,0.6517817678863196
1,0.5374339968172317
0,0.5189743263870908
0,0.5621018441046003
0,0.5283878758517963
1,0.5177094920233943
1,0.542494691754844
1,0.5225886123863259
0,0.548888805028924
1,0.5189743263870908
1,0.5225886123863259
1,0.5540723396074112
1,0.5331466128049409
1,0.5359302580286994
1,0.5092127800243733
1,0.5268891818943466
0,0.4950088774394349
0,0.4471842011015022
1,0.5321606206554884
0,0.4260911152799867
0,0.5268891818943466
0,0.5091636244370196
0,0.5633762907625274
0,0.5548446450675124
0,0.5149175504052881
0,0.521123339688729
1,0.5428742219246421
0,0.5125948645706057
0,0.4950088774394349
1,0.4260911152799867
1,0.504752883168854
1,0.5534536254336954
1,0.5131283161050881
1,0.5511825603696977
0,0.5159898055632649
1,0.5057740304553566
0,0.48359229123449904
0,0.3678832925470108
0,0.4966661855506257
1,0.5268891818943466
0,0.5268891818943466
1,0.5331550095923153
1,0.5244097998452432
1,0.4453503202933247
0,0.5055788218688099
0,0.5587552662797912
1,0.48636179784563066
1,0.49304550500345806
0,0.5177094920233943
0,0.5421182172026293
1,0.5033829634609193
0,0.5112368996667918
0,0.5189743263870908
0,0.5268891818943466
0,0.5303543040090668
1,0.4909230677409295
0,0.5011056320367224
0,0.4605582462020006
0,0.5104524247734167
0,0.5359302580286994
1,0.5177094920233943
0,0.5359302580286994
0,0.5189743263870908
1,0.5189743263870908
0,0.5297791877453158
1,0.535123347711461
1,0.519509162272636
1,0.49263580927447914
1,0.4969292166990224
0,0.5252508146581983
0,0.5092127800243733
1,0.5177094920233943
1,0.5393833000498098
0,0.5449903212271141
0,0.5545269018267713
0,0.5297791877453158
0,0.5092127800243733
1,0.5043931877432171
1,0.5297791877453158
1,0.5494244266108245
1,0.5297791877453158
1,0.4943916672249624
1,0.5232210653224934
1,0.5497354877322774
0,0.5297791877453158
1,0.5297791877453158
0,0.5778319274475704
1,0.5232210653224934
1,0.5396487934773241
1,0.5316136360855285
1,0.534246208262809
0,0.5297791877453158
1,0.49953512456332805
0,0.5189743263870908
0,0.5232210653224934
0,0.5790288386480028
1,0.5422703570839537
1,0.5314582244385165
0,0.5449439563481775
0,0.5449439563481775
1,0.5508749653653375
0,0.5189743263870908
1,0.45551195236430286
0,0.5268891818943466
1,0.4390931417155886
1,0.45034373151623336
1,0.5297791877453158
0,0.5249413021375279
0,0.5250332429781119
1,0.485327945791233
1,0.5297791877453158
1,0.5297791877453158
1,0.515111840306985
1,0.5177094920233943
1,0.511111647759801
1,0.4887365441372879
1,0.5024648248160678
0,0.5268891818943466
1,0.5005068672165892
0,0.5141966922036338
1,0.5141966922036338
0,0.5795071362195544
1,0.5190569281769478
1,0.5887933540848425
1,0.49597781893316556
1,0.4281437421397418
1,0.5268891818943466
1,0.5238124526318005
1,0.540498094613407
0,0.4774419433030321
0,0.4774419433030321
1,0.5161610111549132
1,0.55580051631652
1,0.5538571052017847
1,0.506466692331371
1,0.531379575006493
1,0.5179462434803423
0,0.5179462434803423
1,0.5125948645706057
1,0.5125948645706057
1,0.5161610111549132
0,0.5210595219264086
0,0.4909302314123597
0,0.5029917173063053
1,0.4615054142359957
1,0.5011602880239459
1,0.4385663644923703
0,0.519082297288408
0,0.4969376916532846
1,0.5011944916084843
1,0.3594580793195897
0,0.5179462434803423
1,0.44201614661350097
1,0.49179362116541697
0,0.49796989094584326
0,0.5294474223188468
0,0.46099711050654146
0,0.5179462434803423
0,0.46784792219262483
1,0.5053375518546418
0,0.5125948645706057
0,0.46099711050654146
0,0.5161610111549132
0,0.5053375518546418
0,0.48009944252250575
1,0.4642236080884468
0,0.49996738618717174
0,0.4950244424449831
0,0.57048128987822
0,0.48146456863307396
1,0.4705850566841137
0,0.5540448268100676
0,0.5226748237584393
1,0.5028909093932799
0,0.5585624341260256
1,0.5291969474337214
1,0.44995678908832076
0,0.5517579263205534
0,0.5365747365088528
0,0.5190334641583769
0,0.47973424255344704
0,0.5028909093932799
1,0.5080099411742299
1,0.5530868165349903
0,0.5325119426707495
1,0.5179462434803423
0,0.37560732728447715
0,0.5197530899607409
1,0.505332642251901
1,0.5115755322706546
0,0.41934344331387796
0,0.5064704525952938
1,0.5197530899607409
0,0.5028909093932799
1,0.5226748237584393
1,0.4967237841317096
1,0.5190334641583769
0,0.5229956564127674
1,0.4371141902768974
0,0.5226748237584393
0,0.4601889298993276
1,0.5190334641583769
1,0.5229956564127674
1,0.5226748237584393
0,0.5118575902868396
0,0.5190334641583769
1,0.5214138756859913
0,0.5805564566866902
1,0.5214138756859913
1,0.5304843939693868
0,0.5771820541298834
1,0.5705262216298929
1,0.5190334641583769
1,0.5337754330815125
1,0.5863621122656737
0,0.45001294466441916
1,0.551934334591443
0,0.5371627984267402
0,0.40280371121012654
0,0.5026815310251002
1,0.5277238410689772
1,0.5226748237584393
1,0.5040266658056091
0,0.5214138756859913
1,0.5356721738156189
0,0.6189661634583017
0,0.5179813922557338
0,0.5011602880239459
0,0.5028909093932799
0,0.5307763518436677
1,0.4706680319670351
1,0.5226748237584393
1,0.5483501085410512
0,0.5358311923349012
1,0.5020356134442497
1,0.5226748237584393
1,0.5226748237584393
0,0.5214138756859913
0,0.5343478651007102
1,0.5226748237584393
1,0.4958145505133456
1,0.5267127240369718
1,0.5226748237584393
0,0.5226748237584393
1,0.5805564566866902
1,0.5356721738156189
1,0.5226748237584393
0,0.5011602880239459
1,0.519082297288408
0,0.5191405509530319
1,0.5386361039475531
1,0.5020356134442497
0,0.5226748237584393
0,0.5226748237584393
0,0.5981880094394679
1,0.5214138756859913
1,0.5011602880239459
0,0.5229956564127674
1,0.5198569755321288
1,0.5011602880239459
0,0.5805564566866902
0,0.45001294466441916
1,0.467730670023386
1,0.5223575226483065
1,0.4629303253460975
1,0.4385663644923703
1,0.4969376916532846
1,0.43783894610377655
0,0.5805564566866902
1,0.5805564566866902
0,0.5028909093932799
0,0.49179362116541697
0,0.5028909093932799
1,0.5028909093932799
0,0.5241902568063783
0,0.4385663644923703
1,0.49179362116541697
1,0.522129956806034
0,0.4615054142359957
0,0.5371627984267402
0,0.5028909093932799
0,0.519082297288408
1,0.40125859707391237
0,0.538849374900129
1,0.5026815310251002
1,0.5028909093932799
1,0.5277238410689772
0,0.49073164270002384
0,0.5386361039475531
0,0.40005560355297354
1,0.5223575226483065
0,0.5191405509530319
1,0.5179462434803423
0,0.367952553630889
0,0.49179362116541697
0,0.4969376916532846
1,0.5129440858272688
0,0.5441916440296136
1,0.45001294466441916
0,0.44015972098327044
0,0.5248462484967038
0,0.5190334641583769
1,0.4811955321945457
0,0.4992203160544834
1,0.5310624319144555
0,0.4513027631814571
0,0.49179362116541697
1,0.5225886123863259
1,0.5040034427309578
0,0.5125948645706057
1,0.5335201494485473
1,0.439412075404727
1,0.5226748237584393
0,0.5190334641583769
0,0.4386283611611779
1,0.4534791846698927
0,0.5197530899607409
1,0.5248462484967038
0,0.5226748237584393
0,0.5190334641583769
1,0.5064704525952938
0,0.51667060311315
0,0.619432384925189
1,0.5335201494485473
0,0.4655746725720265
0,0.4969376916532846
0,0.5225886123863259
1,0.5190569281769478
1,0.49842286082501575
0,0.5357701965978577
0,0.5268891818943466
0,0.4630033279471736
1,0.45969153559179926
0,0.47443387743099075
1,0.5896115285376073
0,0.5804126990577689
1,0.5225886123863259
1,0.485413663224923
0,0.49349176460525057
0,0.5363391784233323
0,0.5177094920233943
1,0.5225886123863259
0,0.5225886123863259
1,0.6221405612363692
0,0.5569696127960843
0,0.49304550500345806
0,0.5772016747549114
1,0.5293797717918232
0,0.5292640400125698
0,0.5309668899138243
1,0.6018364738426217
1,0.48868121618256805
0,0.6018364738426217
0,0.4798650349103604
1,0.4560897968971965
1,0.4950088774394349
0,0.5091636244370196
0,0.5600526014361733
0,0.5201773084723765
0,0.5021841917259613
1,0.5349250321203712
0,0.508021086028092
1,0.4827229468670732
1,0.5225886123863259
1,0.47783717953676247
0,0.5024648248160678
0,0.5297576024554618
0,0.5297576024554618
0,0.4797732142142152
0,0.4944653996477251
0,0.47795871188135197
0,0.5548446450675124
1,0.5225886123863259
0,0.5225886123863259
1,0.4692374028788831
0,0.49368427084319233
0,0.4827229468670732
0,0.5112961656554763
0,0.5301812714605932
1,0.573262789821255
0,0.5468467474912787
1,0.5262391772035461
1,0.5277775675707925
1,0.5225886123863259
0,0.49368427084319233
0,0.501558433386013
1,0.5515650891120625
1,0.4986322326708931
1,0.5297791877453158
0,0.5268891818943466
0,0.5139083326577486
1,0.49304550500345806
1,0.47795871188135197
1,0.47795871188135197
0,0.5189743263870908
0,0.4410072891094411
0,0.5177094920233943
0,0.5177094920233943
1,0.5359302580286994
1,0.49368427084319233
0,0.5359302580286994
0,0.5177094920233943
1,0.5249820398537756
1,0.49368427084319233
1,0.5143330131998618
0,0.5203117979525678
0,0.5177094920233943
0,0.4556254853089826
1,0.4724921181155885
0,0.5177094920233943
0,0.5012654337575962
0,0.4950088774394349
1,0.5190569281769478
1,0.5190569281769478
0,0.5225886123863259
1,0.5190569281769478
1,0.4475402902832373
1,0.47687818225595974
1,0.4950088774394349
0,0.5210752362093914
1,0.5213744686836121
1,0.5225886123863259
1,0.49890504294670046
0,0.4934746762036145
1,0.4486738581270445
0,0.5268891818943466
0,0.4692186641904169
1,0.4934746762036145
0,0.5177094920233943
0,0.4588981063041151
1,0.4712548592965914
0,0.4761172278366529
1,0.5432663701422353
0,0.5548446450675124
1,0.571345664952177
1,0.5548446450675124
1,0.5225886123863259
0,0.5019981837239833
1,0.5508749653653375
1,0.5177094920233943
0,0.5177094920233943
1,0.49368427084319233
0,0.5157993182952187
0,0.5127531682839419
0,0.5366502844361414
1,0.523784865616698
0,0.5237144859900543
0,0.5663704194450998
0,0.5021790703042833
1,0.5177094920233943
0,0.5449439563481775
1,0.5297791877453158
0,0.5177094920233943
0,0.5232210653224934
0,0.5755318540898502
0,0.49368427084319233
0,0.49368427084319233
1,0.5171418826250248
0,0.5225886123863259
0,0.5083952706861756
1,0.4498221639654446
1,0.5177094920233943
1,0.5359302580286994
1,0.5092127800243733
0,0.5225886123863259
0,0.61325963328295
1,0.47881068565260576
0,0.5177094920233943
1,0.5092127800243733
0,0.515111840306985
1,0.4487969928552205
1,0.485327945791233
1,0.5232210653224934
1,0.5232210653224934
0,0.5161610111549132
1,0.6316032560638011
0,0.485327945791233
1,0.5297791877453158
0,0.5286017633779901
1,0.5238813057726635
1,0.5267127240369718
1,0.529246690388558
0,0.5297791877453158
1,0.4724921181155885
1,0.4478272628622855
1,0.5557637763180746
0,0.5177094920233943
0,0.5177094920233943
0,0.5127531682839419
0,0.5297791877453158
1,0.4809825412689707
1,0.5177094920233943
1,0.43885878755665797
0,0.5161610111549132
1,0.5350148561038909
1,0.49924745170099405
0,0.529394153272008
1,0.5089152603638343
1,0.5681307712028189
0,0.5681307712028189
1,0.5584301458680481
0,0.5979373209867406
1,0.529394153272008
1,0.5569696127960843
0,0.5177094920233943
1,0.5297791877453158
1,0.515111840306985
0,0.529394153272008
1,0.5794627579202669
1,0.5297791877453158
0,0.5681307712028189
0,0.5681307712028189
1,0.49760386018732883
0,0.5310624319144555
0,0.5273259084542826
1,0.5177094920233943
1,0.5423201033545503
1,0.47795871188135197
0,0.5448711742134271
1,0.47795871188135197
0,0.5268891818943466
0,0.5310624319144555
1,0.46346143287464037
0,0.5322733498312203
0,0.5232210653224934
1,0.5557637763180746
1,0.5882124195341702
0,0.5127531682839419
0,0.5569073840035863
1,0.5322733498312203
0,0.5314582244385165
1,0.5177094920233943
1,0.5297791877453158
1,0.5322733498312203
1,0.5804126990577689
1,0.5584301458680481
1,0.5804126990577689
1,0.5177094920233943
1,0.5297791877453158
1,0.5804126990577689
0,0.5177094920233943
1,0.5915337105112601
1,0.49597781893316556
0,0.5177094920233943
1,0.5569696127960843
0,0.3996350444508413
1,0.5101689035127867
0,0.5190569281769478
0,0.46033077360566
1,0.5297791877453158
0,0.5177094920233943
0,0.5012496892662698
0,0.6128885537026099
1,0.5979373209867406
0,0.5314582244385165
1,0.5232210653224934
1,0.648263144997778
1,0.5232484577365086
0,0.462104046935884
0,0.5297791877453158
1,0.45665974892691436
0,0.6673990986629512
1,0.5979373209867406
0,0.5314582244385165
1,0.5297791877453158
1,0.5088611126538876
1,0.640313730205881
1,0.506466692331371
0,0.5054780528534254
1,0.4774419433030321
0,0.4616413679363691
1,0.5433326738070704
0,0.5291888597247025
1,0.5314793661070203
0,0.4625650828386304
0,0.5356721738156189
0,0.5764827884854942
0,0.505332642251901
1,0.5194096548025102
0,0.505332642251901
0,0.4121842274183993
0,0.5066094408504487
1,0.49532897069819837
1,0.4885712059127099
0,0.4402310943509907
0,0.47443387743099075
0,0.549696289669369
0,0.5705262216298929
1,0.505332642251901
0,0.5060316638540852
0,0.44785251925443803
1,0.522723820088941
0,0.4885712059127099
1,0.5307600230029518
0,0.45557549442783757
0,0.5226748237584393
1,0.48718600962943076
1,0.5336952542211483
1,0.5328244256083253
0,0.5226748237584393
0,0.505332642251901
1,0.522723820088941
1,0.46924603627125056
1,0.4885712059127099
0,0.4885712059127099
1,0.506466692331371
0,0.5328244256083253
0,0.48718600962943076
0,0.5362476457219386
1,0.4878324724439443
1,0.5181146491209123
1,0.5359302580286994
1,0.5189743263870908
0,0.5177094920233943
1,0.5177094920233943
1,0.5804126990577689
1,0.5316742874186204
0,0.5052256204061857
1,0.5004097886356041
0,0.5004097886356041
1,0.4774419433030321
0,0.44785251925443803
0,0.5892882142251648
0,0.5177094920233943
1,0.48389338859625847
0,0.4767708757439108
0,0.5297791877453158
1,0.5800957889135278
0,0.4818992270726583
1,0.5306308246148382
1,0.45665974892691436
1,0.5431751749436234
0,0.5232210653224934
0,0.5232484577365086
1,0.46053059215397335
1,0.5185038719169157
1,0.48772581082987343
0,0.5232210653224934
0,0.44785251925443803
1,0.4441286882791656
1,0.47752767710250893
0,0.48772581082987343
0,0.5185038719169157
1,0.5185038719169157
1,0.5819774453774418
1,0.5577474917711246
0,0.4669032865539202
0,0.44785251925443803
0,0.44785251925443803
0,0.5232210653224934
1,0.5232484577365086
1,0.44785251925443803
0,0.5232484577365086
0,0.4816167499527723
0,0.5314582244385165
0,0.4767708757439108
1,0.5177094920233943
0,0.5267127240369718
0,0.5314582244385165
1,0.5532944115692574
0,0.42735565381464596
1,0.6355489810363687
1,0.5804126990577689
1,0.5297791877453158
1,0.41877385439025805
0,0.5232484577365086
1,0.49078389428662217
1,0.5425751418168206
1,0.5361284151205405
0,0.5190334641583769
0,0.5310158642245013
1,0.5028909093932799
1,0.43987105765750867
1,0.4321965810661233
0,0.5226748237584393
0,0.5764827884854942
0,0.4417824207502452
0,0.48361339965462585
1,0.5312748585639965
1,0.5805564566866902
1,0.4435259344325096
0,0.5161610111549132
1,0.49200327725967585
1,0.5805564566866902
1,0.5374839510112692
1,0.5805564566866902
1,0.5222008729720303
1,0.5161610111549132
1,0.49909789914053865
0,0.642009242707721
1,0.5805564566866902
0,0.5226748237584393
0,0.4840194208541707
1,0.5386361039475531
1,0.5226748237584393
1,0.5374839510112692
0,0.5805564566866902
0,0.43783894610377655
1,0.48718600962943076
0,0.3612321318184501
0,0.45584639247289255
0,0.45584639247289255
1,0.5077379413413418
0,0.5105938740684753
1,0.48050296434141976
0,0.5173639451709882
0,0.5244391553409841
0,0.5184438068268065
0,0.5667583086305323
1,0.517858803326844
1,0.43055021770127505
1,0.5390066109839379
1,0.5340172284465934
1,0.4554483459495891
0,0.5255174580494087
1,0.5184438068268065
1,0.49544894301037934
0,0.4854923241059994
1,0.5065233959152415
0,0.4995036264343102
1,0.5233340264246635
1,0.5328333491078386
0,0.5155266393498019
0,0.5039667517545683
0,0.5183358109392581
1,0.5183358109392581
0,0.5314165184605885
1,0.5176235076245387
1,0.5233340264246635
0,0.5155266393498019
1,0.49261977355888686
1,0.5039667517545683
0,0.5286098666240054
0,0.4909166174542526
0,0.5014340034318993
1,0.5104138443662094
0,0.44338408712961036
0,0.5176235076245387
0,0.6317740558349885
0,0.5014340034318993
1,0.5104138443662094
1,0.5176235076245387
0,0.5155266393498019
1,0.5155266393498019
1,0.5568607103211737
1,0.5236759919070344
1,0.5519061884394357
1,0.5286098666240054
1,0.5812942814886939
1,0.5321705509169159
1,0.5317823077054669
1,0.5340611727862444
0,0.5340611727862444
1,0.5260651760568549
1,0.5296026633186945
1,0.5050145393249911
1,0.5130017598470915
0,0.5039667517545683
0,0.5652483547257378
1,0.5321705509169159
0,0.5286098666240054
0,0.5014340034318993
1,0.5151098101050533
1,0.5151098101050533
1,0.5151098101050533
0,0.5008738030121453
0,0.4995036264343102
1,0.4762671517641668
1,0.4995036264343102
0,0.5130017598470915
1,0.5260651760568549
1,0.537577821845763
0,0.5176235076245387
0,0.5231441403300751
1,0.5042665660221741
0,0.5286098666240054
1,0.5008738030121453
0,0.5176235076245387
1,0.5042665660221741
0,0.5176235076245387
0,0.4862252086705863
0,0.5039667517545683
1,0.5074094545115119
1,0.5340611727862444
0,0.5753551136874703
0,0.5151098101050533
0,0.5340611727862444
0,0.4862252086705863
0,0.5132043939212433
1,0.5197579633985017
1,0.537577821845763
1,0.5753551136874703
1,0.5151098101050533
1,0.5321705509169159
1,0.5768664633591184
0,0.537577821845763
1,0.517311332225394
1,0.5260651760568549
0,0.5685075912886872
1,0.5245085641666037
1,0.5130017598470915
0,0.5779137165852876
1,0.5050145393249911
0,0.5245085641666037
1,0.4631833946808331
0,0.5579525859209844
1,0.5260651760568549
1,0.5853629138714961
1,0.5130017598470915
1,0.5130017598470915
0,0.52596420532258
1,0.5130017598470915
0,0.52596420532258
1,0.5436000718676665
1,0.5552225039110296
1,0.5130017598470915
0,0.5130017598470915
1,0.5390195669736615
0,0.4546929945896015
0,0.5338594094804234
0,0.5222531176817921
1,0.506069409093771
0,0.5000676958234183
0,0.5029604409162076
0,0.5130253601247773
1,0.5038951790064964
0,0.5281421477745817
0,0.4875911088330329
0,0.5005068672165892
0,0.5125651433564867
0,0.5117744679835587
1,0.5263934340480872
1,0.5544136293262847
0,0.5130017598470915
1,0.5005068672165892
0,0.5005068672165892
0,0.5154619616119289
1,0.4843714092887766
0,0.5450374712422084
0,0.5391014639449213
0,0.5391014639449213
0,0.5265576616249684
0,0.5264601765149926
1,0.5245085641666037
1,0.5341716370194924
1,0.5366078866688129
1,0.47849553599420747
0,0.5122371574977459
1,0.5122371574977459
0,0.5361902042452378
0,0.5130017598470915
0,0.516186487704488
1,0.519911882549667
1,0.5008738030121453
1,0.5130017598470915
1,0.5366078866688129
1,0.5122371574977459
0,0.5245085641666037
1,0.5760076513322696
1,0.4582543390086667
0,0.5245085641666037
1,0.5361902042452378
1,0.52596420532258
1,0.5367400973844677
1,0.5390195669736615
0,0.5317604265332624
1,0.4843714092887766
1,0.5317604265332624
1,0.5296768535491283
1,0.5084225875082862
1,0.506069409093771
1,0.5378924838229934
1,0.49671406935113055
0,0.4814805810174241
1,0.5273572063998614
1,0.49671406935113055
0,0.49671406935113055
0,0.47036934185273604
1,0.4888537962396992
0,0.506069409093771
1,0.4888537962396992
1,0.5073305414530851
0,0.4930677087727997
0,0.49573882212355935
1,0.5277069312528804
1,0.5063865266325468
0,0.4888537962396992
0,0.5020105861586451
1,0.5367400973844677
0,0.523041331890064
1,0.5404816511084207
1,0.44518174563515656
1,0.5277069312528804
0,0.4633527055700151
0,0.49153173730736094
1,0.5560178020696629
0,0.4814805810174241
0,0.5120405112762875
1,0.5160384038323225
0,0.5296768535491283
1,0.5273572063998614
0,0.5083434039391361
0,0.5552217425354538
1,0.5273572063998614
1,0.5130203127479737
0,0.4753982106043859
0,0.5083434039391361
1,0.5130253601247773
1,0.5130253601247773
0,0.5130203127479737
0,0.49850416930743907
1,0.5083434039391361
0,0.5783824124079655
0,0.5083434039391361
1,0.5296768535491283
0,0.5296768535491283
1,0.5130203127479737
1,0.5130203127479737
1,0.493054333081169
1,0.5354929611349364
0,0.5027219026033376
0,0.5027219026033376
0,0.5311204038949051
1,0.4888537962396992
0,0.5027219026033376
0,0.5027219026033376
0,0.5296768535491283
1,0.5216805380180415
1,0.4985772979330798
0,0.5179621351095212
0,0.5382735583538671
1,0.5296768535491283
1,0.5233675671813364
0,0.44356267734585286
1,0.493054333081169
0,0.5160384038323225
0,0.5354929611349364
1,0.5193286676824536
1,0.5130253601247773
0,0.5160384038323225
1,0.5274752971932886
0,0.47838575843129794
0,0.5130253601247773
1,0.48711530237967926
0,0.5130253601247773
1,0.49573882212355935
0,0.49589352255619523
0,0.4550722385531136
0,0.493054333081169
0,0.5426703315585943
1,0.5075599423755549
0,0.5000676958234183
0,0.5127729142464952
0,0.4881483956252996
1,0.5130253601247773
0,0.5273572063998614
1,0.4678853806256131
0,0.5130203127479737
1,0.5277069312528804
0,0.3981313654874368
1,0.5130253601247773
0,0.5277069312528804
0,0.5000676958234183
0,0.5117408749057643
1,0.5393550968557138
1,0.5130203127479737
0,0.5273572063998614
0,0.5130203127479737
0,0.5120405112762875
0,0.5130253601247773
0,0.5650283293717925
1,0.5216805380180415
1,0.5367400973844677
0,0.4957219417940572
1,0.5130253601247773
1,0.4841941330217611
1,0.5130203127479737
1,0.493054333081169
0,0.5277069312528804
0,0.5084225875082862
0,0.4888537962396992
0,0.523041331890064
0,0.5382735583538671
1,0.5130203127479737
0,0.5408906401324147
0,0.5083434039391361
0,0.4875690363525316
0,0.5130253601247773
0,0.5390195669736615
1,0.5378924838229934
0,0.5281421477745817
1,0.4456812846664719
1,0.5130203127479737
0,0.5038951790064964
1,0.5860153417082125
0,0.5117744679835587
1,0.47816267198335305
1,0.5130203127479737
0,0.5052921351077286
0,0.5130253601247773
0,0.45959023658283393
0,0.5352876044920254
0,0.5290578772424013
1,0.5281421477745817
1,0.5896063446882185
1,0.5896063446882185
1,0.5075971150471602
0,0.5130017598470915
0,0.49052196065926074
1,0.5366078866688129
0,0.5130017598470915
0,0.5130017598470915
1,0.5263934340480872
0,0.5005068672165892
1,0.5122371574977459
1,0.5366078866688129
1,0.5071640990669167
1,0.52596420532258
1,0.5245085641666037
0,0.5245085641666037
0,0.52596420532258
1,0.52596420532258
0,0.5071640990669167
1,0.5130017598470915
1,0.5000041388135826
0,0.5100418138045864
0,0.5130017598470915
0,0.4875911088330329
1,0.4766224512036222
0,0.5361902042452378
1,0.5341716370194924
1,0.5130017598470915
1,0.4632552986955784
0,0.5130017598470915
0,0.5130017598470915
1,0.5130017598470915
0,0.5366078866688129
1,0.5391014639449213
0,0.5130017598470915
1,0.5263934340480872
0,0.499353403285935
1,0.5274577292845403
1,0.5391014639449213
0,0.5365898346775408
1,0.5130017598470915
1,0.5245085641666037
0,0.5436000718676665
0,0.5361902042452378
1,0.5020105861586451
1,0.5075971150471602
0,0.49843849988530364
1,0.5216805380180415
1,0.5156566715553188
0,0.5517095585325258
0,0.5575542316592487
1,0.5130253601247773
0,0.5130203127479737
0,0.5029604409162076
0,0.5277069312528804
0,0.5000676958234183
0,0.5130253601247773
1,0.5029604409162076
0,0.4280607817372007
1,0.5130203127479737
1,0.5130253601247773
1,0.5029604409162076
0,0.5408906401324147
1,0.5130253601247773
0,0.5130203127479737
0,0.5067646494277277
1,0.5279163153338787
0,0.6060678288761732
0,0.5051697149041368
0,0.5067277265306599
1,0.46165475824310503
0,0.5277069312528804
0,0.4814805810174241
0,0.5070212859056009
1,0.5100418138045864
0,0.5156566715553188
0,0.5100418138045864
0,0.4530401375248389
1,0.5117744679835587
0,0.5005068672165892
0,0.4985772979330798
1,0.6075770828515803
0,0.5341716370194924
1,0.5244391553409841
0,0.45400566331213904
0,0.5058642178407704
1,0.5031452083378943
0,0.513804388191806
0,0.5263934340480872
1,0.5891735885993538
0,0.516186487704488
0,0.516186487704488
0,0.5151098101050533
1,0.5008530434614159
1,0.5132043939212433
1,0.43998947794787013
0,0.5176235076245387
1,0.4862252086705863
0,0.5077671694192393
0,0.5008530434614159
1,0.5011028841559312
0,0.5176235076245387
1,0.5011028841559312
0,0.5020114891613461
1,0.4762671517641668
0,0.5753551136874703
1,0.5081906701925262
1,0.5197579633985017
0,0.5101008773189444
0,0.497982426800046
1,0.44338408712961036
1,0.5090575426092109
0,0.5155266393498019
1,0.5282908176258764
0,0.5021233066440299
0,0.4788115700991007
0,0.5357658611276919
1,0.5039667517545683
1,0.5176235076245387
1,0.5233340264246635
0,0.5142393039259837
0,0.5039667517545683
1,0.5233340264246635
0,0.5568607103211737
1,0.5233340264246635
1,0.5155266393498019
1,0.537390086927076
0,0.5286098666240054
1,0.5286098666240054
1,0.5568607103211737
1,0.5340611727862444
1,0.5233340264246635
0,0.5130017598470915
0,0.5176235076245387
1,0.5233340264246635
1,0.5535346474598876
1,0.5260651760568549
1,0.5733503530548038
1,0.4975799471131844
1,0.5170114627937291
0,0.5233340264246635
1,0.5130017598470915
0,0.5260651760568549
1,0.5039667517545683
0,0.5260651760568549
0,0.5117744679835587
0,0.5117744679835587
1,0.5067646494277277
1,0.5315086923169213
0,0.5247495668799355
1,0.5039667517545683
1,0.5078472416348445
0,0.5657537523673907
1,0.5260651760568549
0,0.5338594094804234
1,0.5078472416348445
1,0.5118378898172818
1,0.5190569281769478
1,0.5366078866688129
1,0.5130017598470915
0,0.5338594094804234
0,0.581761134597582
0,0.5366078866688129
1,0.5130017598470915
0,0.5245085641666037
0,0.4948910521894782
0,0.445139779716415
0,0.5391014639449213
0,0.511927868435511
0,0.49595983560110957
0,0.5197579633985017
0,0.5011028841559312
1,0.4416142248931724
0,0.5008530434614159
0,0.5176235076245387
0,0.5314165184605885
1,0.4652194779797223
1,0.46915789607540914
0,0.5328333491078386
0,0.5328333491078386
1,0.5065233959152415
1,0.5197579633985017
0,0.556178123247521
1,0.5065233959152415
0,0.5014340034318993
1,0.5039667517545683
1,0.5065233959152415
1,0.555114134077024
1,0.5328333491078386
1,0.5286098666240054
0,0.5328333491078386
0,0.5176235076245387
0,0.5233340264246635
0,0.4909166174542526
1,0.5104138443662094
1,0.5160775187973257
1,0.537390086927076
0,0.4430711620606961
1,0.48239584238269895
0,0.4751332284201809
0,0.5286098666240054
1,0.5233340264246635
0,0.5260651760568549
1,0.5286098666240054
0,0.5080784507745896
0,0.5247495668799355
1,0.5014340034318993
0,0.5104138443662094
1,0.5344327979156669
0,0.5368977394363401
0,0.6022120765964188
1,0.5316437979741329
1,0.5314165184605885
1,0.5147733904448845
1,0.5316722699380036
0,0.5566358296469881
1,0.5155266393498019
1,0.5155266393498019
1,0.5590126358788688
1,0.5279163153338787
1,0.5508512608642345
0,0.5279163153338787
1,0.4533708523116837
0,0.5233340264246635
1,0.5260651760568549
1,0.5286098666240054
1,0.5260651760568549
0,0.5190569281769478
0,0.5233340264246635
0,0.537390086927076
0,0.5286098666240054
1,0.5140641659200388
1,0.5753551136874703
0,0.5321705509169159
1,0.523826867672474
0,0.580872808285485
1,0.5177153200092561
1,0.5233340264246635
1,0.43383312724955553
1,0.5245085641666037
1,0.5260651760568549
0,0.5245085641666037
0,0.5710127382858636
1,0.5190569281769478
1,0.5117744679835587
0,0.47309756153098104
0,0.5078472416348445
0,0.5245085641666037
1,0.5521634585892056
0,0.5438333869803815
1,0.5770036273472661
0,0.5113451531978468
0,0.5534895634632636
0,0.5279163153338787
0,0.5699853327360671
0,0.5827730967974922
1,0.5699853327360671
1,0.5770036273472661
1,0.445139779716415
0,0.5345369312062678
1,0.5105406958514868
0,0.5130017598470915
0,0.5130017598470915
1,0.5176235076245387
1,0.5050145393249911
1,0.5779137165852876
1,0.5361902042452378
0,0.5361902042452378
0,0.5245085641666037
0,0.5130017598470915
0,0.52596420532258
1,0.5274577292845403
0,0.5245085641666037
1,0.5245085641666037
1,0.5510804452997181
1,0.561916600524565
0,0.5279163153338787
1,0.5130017598470915
0,0.5501613195192702
1,0.5338594094804234
1,0.5438333869803815
1,0.52596420532258
1,0.5190569281769478
1,0.52596420532258
1,0.4964690443741048
1,0.5100418138045864
0,0.4619974975461361
1,0.5130017598470915
0,0.5265576616249684
0,0.5309491654753983
0,0.49132758045935987
0,0.4847559796931861
0,0.574121687279047
1,0.5146577632706746
1,0.5279163153338787
0,0.5433587512822057
0,0.5100418138045864
0,0.5000676958234183
0,0.46165475824310503
0,0.5130203127479737
1,0.46891880062589364
0,0.5029604409162076
0,0.47425126383793825
1,0.4916516515920049
1,0.5278131992945215
0,0.5005068672165892
0,0.4958968099004279
1,0.498573934885408
0,0.4814805810174241
1,0.5055131997963734
1,0.5615679969016593
0,0.5263934340480872
1,0.516186487704488
1,0.516186487704488
1,0.5245085641666037
0,0.516186487704488
1,0.5391014639449213
0,0.5338594094804234
0,0.5022786388132509
0,0.5122371574977459
0,0.5245085641666037
1,0.5366078866688129
0,0.5803697710604225
1,0.52255023825661
1,0.5366078866688129
1,0.5772424677584309
1,0.5273317842772136
0,0.5274577292845403
1,0.5269457407027728
0,0.5245085641666037
1,0.5130017598470915
1,0.5100418138045864
1,0.5130017598470915
1,0.5391014639449213
1,0.5067646494277277
0,0.5534895634632636
1,0.5220541487952521
1,0.5344452202630046
0,0.45986701777587313
0,0.5225886123863259
0,0.5225886123863259
1,0.5264685102225525
0,0.5120405112762875
1,0.45100254271970125
1,0.5440201193511908
1,0.5190569281769478
1,0.5130203127479737
1,0.5029604409162076
0,0.5190569281769478
0,0.49640939379302873
1,0.5029604409162076
0,0.5127014821962546
0,0.5130203127479737
1,0.4772755363898824
1,0.5279163153338787
0,0.5193572627424087
1,0.5190569281769478
1,0.5561395343392469
1,0.5130203127479737
0,0.5059236794639445
0,0.5718018398573275
1,0.5393550968557138
0,0.5378924838229934
1,0.4814805810174241
1,0.5064166059732595
1,0.5090556646282963
1,0.5163281599685007
1,0.5767998236994476
0,0.5279163153338787
1,0.5067646494277277
1,0.5279163153338787
1,0.5680898389983547
0,0.5380392434800461
1,0.5064166059732595
1,0.5680898389983547
1,0.5534895634632636
0,0.5279163153338787
1,0.5445647108998293
1,0.5434065904810522
1,0.5190569281769478
1,0.5534895634632636
0,0.558507907716002
1,0.5240040416782868
0,0.4987756668320283
1,0.5441880783502183
0,0.5279163153338787
0,0.5727679826461457
1,0.5225886123863259
1,0.5440201193511908
0,0.530047096364655
1,0.5467533922279612
1,0.4782980207822608
0,0.5271429776126815
1,0.5824450457209442
0,0.4819131544637371
1,0.5702355095449615
0,0.5130253601247773
0,0.5059236794639445
1,0.5279163153338787
1,0.5190569281769478
1,0.5718018398573275
0,0.5021757056101602
0,0.47412826866158725
1,0.5279163153338787
1,0.5465294323231155
0,0.5225886123863259
0,0.5426089006416676
0,0.5066817610312215
0,0.5225886123863259
0,0.5673659449341408
1,0.5279163153338787
0,0.5059236794639445
1,0.5475597076543801
0,0.5279163153338787
0,0.5414008460113112
1,0.48218340819452304
0,0.5810504499947842
1,0.48157890951372906
1,0.530047096364655
0,0.530047096364655
1,0.5279163153338787
0,0.5225886123863259
1,0.5219457847520735
1,0.5279163153338787
0,0.5334222177336359
0,0.5184438068268065
1,0.5385540224586836
1,0.5190569281769478
1,0.5185473312244857
0,0.5657864291175105
1,0.5285428572339861
1,0.5064166059732595
0,0.5792408152583352
0,0.5012865176776592
0,0.5067646494277277
1,0.5005068672165892
1,0.5506572205245058
1,0.5285428572339861
0,0.5067646494277277
0,0.5189715144686474
1,0.5225886123863259
0,0.5279163153338787
1,0.5347016321493056
0,0.5279163153338787
1,0.5534895634632636
1,0.536177862152859
0,0.5225886123863259
1,0.5472492898361093
1,0.5635558837061384
0,0.5067646494277277
0,0.5347016321493056
0,0.5005068672165892
1,0.41964607686779304
0,0.5532682301819714
0,0.5184438068268065
0,0.4935373934051042
1,0.5010530759823145
0,0.5323679012904831
1,0.49216324944530593
0,0.5258048025554141
1,0.5475597076543801
0,0.4639034315997934
0,0.5334222177336359
1,0.5279163153338787
0,0.5190569281769478
1,0.5190569281769478
0,0.46649227313134967
1,0.5190569281769478
0,0.5160218285358865
1,0.5752310640519308
1,0.5827041068468993
1,0.5279163153338787
1,0.5215206135087144
1,0.5279163153338787
1,0.5279163153338787
1,0.5839909620407915
1,0.5225886123863259
1,0.5215206135087144
0,0.5424340852001185
0,0.5279163153338787
1,0.5343190916722617
1,0.5309668899138243
1,0.5161441121892637
0,0.5397826486342041
0,0.6059950874245603
0,0.5313247638315085
1,0.530047096364655
1,0.5785819392687989
0,0.5348945955667241
1,0.5346626422393723
1,0.5067646494277277
1,0.5279163153338787
1,0.49942976522563154
0,0.5012865176776592
1,0.5163281599685007
1,0.5021757056101602
1,0.5469047776824097
0,0.579083526864805
0,0.5174268480136054
0,0.5321705509169159
0,0.49640939379302873
1,0.5321705509169159
1,0.5066817610312215
0,0.5225886123863259
1,0.5454073948248663
1,0.5609976041126384
1,0.5745407031400164
1,0.5746700239435991
1,0.5174268480136054
1,0.5174268480136054
0,0.48287507609731434
0,0.5279163153338787
0,0.5174268480136054
0,0.5225886123863259
1,0.561504259165662
0,0.48017903275465124
0,0.5239173860178636
0,0.5346626422393723
1,0.5304341462077867
0,0.5433587512822057
1,0.5012865176776592
0,0.5047017518457102
0,0.4891673232072973
0,0.5346626422393723
0,0.5313247638315085
1,0.5184438068268065
1,0.551468934251168
0,0.5107239944238432
1,0.5309668899138243
0,0.5506290843569092
1,0.5508988896622556
0,0.5168469092389311
1,0.5279163153338787
0,0.5279163153338787
1,0.5279163153338787
1,0.5279163153338787
1,0.5414008460113112
0,0.5279163153338787
1,0.5678007155092645
1,0.565647671108459
1,0.563987945514206
0,0.5623344561347878
0,0.5678007155092645
1,0.5394643117926132
0,0.5385540224586836
1,0.5319303257805901
0,0.5562981521785756
1,0.5347016321493056
1,0.5347016321493056
1,0.5873219031933449
1,0.48934068553937154
0,0.5304341462077867
1,0.5107239944238432
1,0.5330068380092345
1,0.5376056019547091
1,0.515597714043268
1,0.5064166059732595
0,0.5352615894848718
0,0.5752700065576749
0,0.5330769582560362
0,0.5442595767905217
0,0.5442024588671903
1,0.5752700065576749
0,0.5077379413413418
0,0.5667379367321312
1,0.5190569281769478
1,0.5420266758730117
1,0.5271552451086122
0,0.5404022564242188
0,0.5334046561090848
0,0.5225886123863259
1,0.5313343462006405
0,0.5173639451709882
0,0.5107239944238432
0,0.5077379413413418
0,0.4985772979330798
1,0.5137906337579936
1,0.5064166059732595
1,0.5535221947026274
0,0.5239712050930029
1,0.5212154352694713
0,0.5420033650669346
1,0.4827352603230502
1,0.4983093431935109
0,0.5085097233310574
0,0.5330769582560362
1,0.5278802361196941
0,0.5090796406250924
0,0.5396453005595457
1,0.5590949560793245
1,0.5067646494277277
0,0.5502979004611707
1,0.5420266758730117
0,0.5469464700626656
1,0.5502822785574435
1,0.5067646494277277
0,0.5287141182437861
0,0.4827352603230502
0,0.5197639677642744
1,0.5225886123863259
1,0.5008855956155478
0,0.529852012245917
1,0.5225390408198913
1,0.5137906337579936
0,0.5173639451709882
0,0.5085097233310574
1,0.5085097233310574
0,0.5085097233310574
0,0.5174268480136054
1,0.5173639451709882
0,0.5077379413413418
0,0.5173639451709882
1,0.5077379413413418
1,0.5173639451709882
0,0.5174268480136054
0,0.5421280491335059
1,0.4704585900521591
0,0.5239173860178636
0,0.5005068672165892
1,0.5239173860178636
1,0.4725077158509855
1,0.4888537962396992
1,0.5012865176776592
1,0.5330068380092345
0,0.5330068380092345
0,0.5304341462077867
0,0.5107239944238432
1,0.5107239944238432
1,0.5124522246217263
1,0.5174268480136054
0,0.5173639451709882
0,0.5138185107648002
0,0.5107239944238432
1,0.5085097233310574
1,0.5490642270128161
0,0.5137906337579936
0,0.5085097233310574
1,0.5502822785574435
1,0.5278802361196941
1,0.5225390408198913
0,0.5174268480136054
0,0.5137906337579936
1,0.5502040735237648
0,0.5064166059732595
0,0.5190569281769478
0,0.5173639451709882
0,0.5066817610312215
0,0.5501982569932292
0,0.5107239944238432
1,0.5173639451709882
0,0.47171559180284584
0,0.5107239944238432
1,0.5077379413413418
0,0.5173639451709882
1,0.5107239944238432
1,0.5107239944238432
1,0.5330068380092345
0,0.5107239944238432
1,0.6002535760805829
1,0.49083731782941725
0,0.5174268480136054
1,0.5067646494277277
1,0.5190569281769478
1,0.5287141182437861
1,0.5090871184958176
0,0.5352615894848718
0,0.5067646494277277
0,0.49942976522563154
0,0.5173639451709882
0,0.5122907732516363
1,0.5077379413413418
1,0.5107239944238432
0,0.5174268480136054
1,0.45803493556222774
1,0.5107239944238432
1,0.5304341462077867
1,0.5409645424016759
1,0.4865708135340515
1,0.5376056019547091
1,0.5213842331462727
1,0.5623019590251047
1,0.46853981858134974
0,0.5287141182437861
0,0.5238550808675797
0,0.5067646494277277
1,0.5404886150687616
0,0.5327432129804821
0,0.5360024317075222
1,0.5225886123863259
0,0.5360024317075222
1,0.5634619869680609
0,0.5334046561090848
1,0.5248370641360696
0,0.5225390408198913
0,0.5675432501702842
0,0.5090796406250924
1,0.5360024317075222
1,0.5064166059732595
1,0.5287141182437861
1,0.5066817610312215
0,0.5020177319818253
0,0.5415938648418217
0,0.5248370641360696
1,0.5251065801411507
0,0.5248370641360696
1,0.5009924976904724
0,0.5190569281769478
0,0.5005068672165892
0,0.5251065801411507
1,0.5821659714714474
0,0.5107239944238432
0,0.5404886150687616
0,0.49640939379302873
1,0.5174268480136054
0,0.5161610111549132
1,0.4835691023254687
0,0.5225390408198913
1,0.5225886123863259
0,0.5190569281769478
1,0.5404022564242188
1,0.5044007416374502
1,0.5225886123863259
0,0.5360024317075222
0,0.5806127901973128
1,0.5534991609957747
1,0.5248370641360696
0,0.5225886123863259
1,0.49185386804897735
0,0.5358160565539976
1,0.5215128752591973
0,0.5225886123863259
1,0.5241842958258952
1,0.5225886123863259
1,0.5226499251165475
0,0.5580125184222603
0,0.5667382257957363
0,0.5248370641360696
1,0.5049638538411662
1,0.5939780924254261
1,0.5278947262910109
1,0.4704585900521591
1,0.4865708135340515
0,0.43940680265284326
1,0.6088039949268941
1,0.5892927802372048
0,0.538804468048561
1,0.5272346689045281
1,0.5040250596053416
1,0.5174268480136054
1,0.5155173862614008
1,0.5137906337579936
0,0.5053375518546418
0,0.5640091285606892
1,0.4985772979330798
1,0.5256792722305552
1,0.5271436654831062
1,0.5225886123863259
1,0.5225886123863259
1,0.5177754141016383
1,0.549049454336948
1,0.4922053361785458
1,0.500321912331151
0,0.5080459229276385
0,0.5080459229276385
0,0.42977208313731247
0,0.4580300869987908
1,0.5125948645706057
0,0.45699130659481235
1,0.42977208313731247
0,0.500321912331151
0,0.5080459229276385
1,0.5053375518546418
1,0.528355294168309
1,0.6234236825261252
0,0.5693443946186235
1,0.5053375518546418
1,0.49622391579050656
0,0.49254477966655996
1,0.4858759155180011
1,0.5842649043461174
1,0.4506868557235775
1,0.5475399658296027
1,0.5530516631421456
0,0.5309668899138243
0,0.5161610111549132
0,0.4358470828607846
1,0.42977208313731247
0,0.44079741777637
0,0.5840302556197633
1,0.5278947262910109
0,0.42977208313731247
1,0.5790585140720432
0,0.5161610111549132
0,0.4670495191673357
1,0.5842649043461174
1,0.528355294168309
1,0.5267952941776834
0,0.3698254305301617
1,0.528355294168309
0,0.6313304338454432
0,0.5173639451709882
1,0.5173639451709882
1,0.5173639451709882
1,0.5291540649867587
0,0.42977208313731247
0,0.6050273000306502
1,0.4704585900521591
1,0.5125948645706057
0,0.5137906337579936
0,0.5161610111549132
0,0.5121864171426826
0,0.5160384038323225
0,0.5476897720527185
1,0.47596158139801326
1,0.5278947262910109
0,0.5507519440183923
0,0.5125948645706057
0,0.49123876465198396
0,0.5231019288302386
1,0.5177030501091832
0,0.5356373444697171
1,0.5525039593508005
0,0.5304341462077867
0,0.5085097233310574
1,0.5033529211505923
0,0.5173639451709882
0,0.5033529211505923
0,0.530243052480177
1,0.5330769582560362
0,0.5077379413413418
1,0.5122907732516363
1,0.551468934251168
0,0.5173639451709882
0,0.5173639451709882
1,0.5173639451709882
0,0.5330068380092345
0,0.5421280491335059
0,0.5239173860178636
0,0.4919900338807765
1,0.47838575843129794
0,0.5160384038323225
1,0.5304341462077867
1,0.5346626422393723
1,0.522895991533786
0,0.49850416930743907
1,0.5010530759823145
0,0.4888537962396992
1,0.5346626422393723
1,0.5313247638315085
1,0.5184438068268065
0,0.5313247638315085
0,0.5285428572339861
1,0.5313247638315085
1,0.5299229825079376
1,0.5174268480136054
1,0.5163753303757871
0,0.5067084353401625
1,0.5012865176776592
0,0.5183791395170944
1,0.5190569281769478
0,0.6049906663011074
0,0.5238550808675797
1,0.5239173860178636
1,0.522895991533786
1,0.5410471914483145
1,0.5137906337579936
1,0.5106575797731954
1,0.5174268480136054
0,0.5376056019547091
0,0.5330068380092345
0,0.5174268480136054
1,0.5279163153338787
0,0.5464345237325644
1,0.4998215663315035
0,0.5190569281769478
1,0.5352615894848718
1,0.523786212114033
0,0.5420033650669346
1,0.5177984191184997
1,0.5225886123863259
1,0.5197639677642744
1,0.5190569281769478
0,0.493361739092836
1,0.5173639451709882
1,0.5174268480136054
0,0.5270482828632387
0,0.5066817610312215
0,0.5059579878416743
1,0.5167749569859577
1,0.5352615894848718
1,0.5190569281769478
1,0.5085097233310574
1,0.5085097233310574
1,0.5554800309086235
1,0.5341024901137765
0,0.5107239944238432
1,0.5161610111549132
1,0.5174268480136054
0,0.5173639451709882
0,0.49946645845442184
0,0.5278947262910109
1,0.5173639451709882
1,0.5190694376838039
1,0.5067646494277277
1,0.5404886150687616
1,0.5190569281769478
1,0.5183791395170944
1,0.4915117526508996
1,0.4788898531243398
1,0.5248370641360696
0,0.5177071343540989
1,0.5174268480136054
0,0.504244133392431
0,0.5230549984714736
1,0.5248370641360696
1,0.5251065801411507
1,0.5433368313787321
1,0.5161610111549132
1,0.5161610111549132
1,0.5516909048315083
0,0.5225886123863259
0,0.6179444199923176
0,0.5271436654831062
1,0.5072854225304418
0,0.5225886123863259
1,0.5356373444697171
0,0.5190694376838039
1,0.5190694376838039
0,0.5399881912892652
0,0.5157455863285058
1,0.5053375518546418
0,0.5107239944238432
0,0.614789114299912
0,0.5342692659444039
1,0.5160384038323225
1,0.5113352040906075
0,0.5107239944238432
0,0.5137906337579936
0,0.5137906337579936
1,0.5138185107648002
0,0.5173639451709882
0,0.5173639451709882
0,0.5173639451709882
0,0.5177030501091832
0,0.5352615894848718
1,0.5174268480136054
0,0.5067646494277277
0,0.5248370641360696
1,0.6034546117107554
1,0.5137906337579936
1,0.5161610111549132
1,0.5064166059732595
1,0.5286135017749104
1,0.4985772979330798
0,0.5161610111549132
0,0.5174268480136054
0,0.5518599601516747
1,0.5190569281769478
1,0.5141650822954595
0,0.5264685102225525
1,0.5067646494277277
0,0.4660832597625879
0,0.5018149774546439
0,0.5190694376838039
1,0.5370854099186925
0,0.5248370641360696
0,0.5947389303621028
1,0.5225886123863259
1,0.5014489545239108
1,0.5766771882394804
0,0.5317086166934925
0,0.5177094920233943
1,0.48554491657100857
1,0.5309668899138243
0,0.5225886123863259
1,0.5225886123863259
1,0.616680150802953
0,0.4630455613998322
0,0.5225886123863259
1,0.542007380481089
0,0.4852960201539821
1,0.5225886123863259
1,0.5177754141016383
0,0.5157455863285058
0,0.5136471939139954
1,0.5044007416374502
1,0.5044015420927213
0,0.5177754141016383
1,0.5230800609202385
0,0.5173639451709882
0,0.5278947262910109
0,0.5111194337127253
1,0.5160384038323225
1,0.5173639451709882
1,0.4669590123121136
0,0.4985772979330798
0,0.5174268480136054
1,0.5027791507547905
0,0.5670965604162053
0,0.5173639451709882
1,0.5107239944238432
1,0.5137906337579936
1,0.5161610111549132
1,0.6088816435940895
0,0.5217813872505945
0,0.5368231938135005
1,0.5178472621589141
0,0.5125948645706057
1,0.5161610111549132
1,0.5174268480136054
0,0.5412662653850169
0,0.5225886123863259
1,0.5157455863285058
1,0.5157455863285058
0,0.5225886123863259
1,0.5190569281769478
1,0.4889624977996008
1,0.5173639451709882
0,0.5053375518546418
0,0.4580023854241574
1,0.5053375518546418
1,0.5367797680521856
1,0.5475399658296027
0,0.5125267866133013
0,0.5172488423213188
1,0.48908253926338935
0,0.5067646494277277
1,0.5475399658296027
0,0.5161266226859789
0,0.5475399658296027
1,0.5225886123863259
1,0.5151074414740135
0,0.5053375518546418
1,0.6175963613423376
1,0.6175963613423376
1,0.45699130659481235
0,0.5342692659444039
1,0.4580023854241574
1,0.49996148700498544
1,0.5189418332487686
0,0.5080459229276385
0,0.5271338291743566
0,0.5696808852632973
1,0.5868735046481968
1,0.5225886123863259
1,0.5225886123863259
0,0.5190569281769478
1,0.5475399658296027
1,0.527747012533012
